Meshes file : MeshesOutput.txt
Source file : nefertiti.off
MeshFile format: OFF
Vetex Number: 299 
-1.921780	0.334600	-1.851650
-1.870020	-0.147810	-1.590690
-1.804130	-0.552500	-1.695600
-1.765380	-0.799380	-1.719970
-1.673300	-1.075550	-1.538570
-0.909274	-2.233340	-0.669400
-0.523504	-2.452820	-0.553910
-0.094598	-2.490290	-0.357730
-1.367100	-1.671460	-1.087440
-1.621700	-1.004640	-1.284810
-1.484120	-1.143750	-1.013800
-1.267090	-1.382210	-0.773020
-1.132620	-1.754880	-0.703400
-0.997273	-2.029990	-0.613760
-0.606300	-2.349870	-0.249120
-0.292278	-2.454410	-0.194550
-0.749425	-2.149810	-0.277870
-0.524425	-2.174190	-0.015380
-0.378640	-2.351140	-0.031840
0.011296	-2.359010	0.034940
-0.299425	-2.207970	0.131500
-0.361300	-1.938220	0.112750
0.024101	-1.994070	0.192150
0.020067	-2.220890	0.176310
-0.895031	-1.871940	-0.434750
-0.989369	-1.556250	-0.486630
-0.758823	-1.654090	-0.295950
-0.630612	-1.876180	-0.134140
-1.746300	-0.686220	-1.502560
-1.828500	-0.152560	-1.298750
-1.686630	-0.638130	-1.160650
-1.558500	-0.632500	-0.886570
-1.369180	-1.036820	-0.793970
-1.729750	-0.150690	-0.999050
-1.526630	-0.162560	-0.717250
-1.326620	-0.548750	-0.595370
-1.077600	-0.906620	-0.449630
-1.101850	-0.421180	-0.385300
-0.840287	-0.619950	-0.224630
-0.823138	-0.958130	-0.192870
-1.007580	-1.240730	-0.426050
-0.210322	-1.700470	0.124980
-0.396595	-1.640340	0.062630
-0.225710	-1.556420	0.169200
0.034325	-1.684410	0.142120
-0.387800	-1.514840	0.122270
-0.495459	-1.467640	0.004700
-0.423175	-1.388120	0.074620
-0.267550	-1.419370	0.178370
-0.093175	-1.443750	0.201500
0.042450	-1.550620	0.200250
-0.160712	-1.272500	0.159100
0.052097	-1.306890	0.193420
0.044911	-1.450080	0.214470
-0.559096	-1.579230	-0.101180
-0.703687	-1.310700	-0.237340
-0.509472	-0.948470	0.002210
-0.445641	-1.104370	0.070410
-0.432187	-1.205120	0.055450
-0.436573	-1.288560	0.019630
-0.310675	-1.283750	0.112750
-0.324425	-1.158750	0.153370
-0.053800	-1.141880	0.278370
-0.193027	-1.131570	0.225640
-0.123777	-1.001940	0.285540
0.062097	-1.003710	0.308180
0.054911	-1.147350	0.285680
-0.315675	-1.039380	0.197120
-0.101526	-0.870480	0.254160
-0.263654	-0.583780	0.083710
-0.045641	-0.624840	0.224800
0.072899	-0.675700	0.256650
0.064911	-0.872810	0.266270
-0.679347	-0.793130	-0.103420
-0.471300	-0.565630	-0.039120
-0.109425	-0.421870	0.161500
-0.318367	-0.423250	0.155730
-0.206959	-0.379140	0.281520
-0.099933	-0.400080	0.340840
-0.012868	-0.479750	0.387430
-0.410675	-0.398750	0.064630
-0.514929	-0.314380	-0.091690
-0.362550	-0.247500	0.145250
-0.270050	-0.325000	0.295870
-0.095320	-0.323680	0.463510
-0.150675	-0.168160	0.395250
-0.013028	-0.089700	0.470980
0.091697	-0.246530	0.526930
0.082489	-0.495550	0.422050
-1.288520	-0.146310	-0.500370
-1.445910	0.190080	-0.661840
-1.201040	0.176440	-0.500380
-0.920373	-0.136300	-0.298350
-0.850778	0.211540	-0.357370
-1.123540	0.443870	-0.524750
-0.865013	0.468880	-0.453500
-0.602460	0.473550	-0.415020
-0.425615	0.342810	-0.240210
-0.546665	0.015440	-0.171180
-0.316300	-0.022590	0.005250
-0.215988	-0.081660	0.215680
-0.105950	0.206330	0.177710
-0.321300	0.703880	-0.337250
-0.102578	1.031800	-0.224040
0.103299	0.409050	0.211370
0.123299	1.209140	-0.197860
-1.388520	0.725320	-0.746760
-1.437080	0.531210	-0.754020
-1.623960	0.728170	-1.013820
-1.343500	0.904500	-0.674730
-1.269930	0.781300	-0.619980
-1.223500	0.643250	-0.602870
-1.072930	0.601380	-0.514750
-1.141820	0.725500	-0.526890
-0.986869	0.730130	-0.471000
-0.869639	0.604570	-0.470160
-0.656925	0.607000	-0.456000
-0.754425	0.731370	-0.456000
-0.558995	0.729420	-0.489520
-0.471925	0.655750	-0.443500
-0.518066	0.921510	-0.461000
-0.352936	1.053730	-0.448950
-1.633500	0.275810	-0.867200
-1.797880	0.363940	-1.170020
-1.891290	0.256070	-1.477270
-1.899950	0.534580	-1.739390
-1.835370	0.732630	-1.492470
-1.796750	0.667380	-1.270600
-1.462070	1.021020	-0.862710
-1.704130	0.890750	-1.151900
-1.566620	1.187000	-0.906580
-1.209070	1.261510	-0.641000
-1.771630	1.041370	-1.286900
-1.872540	0.835790	-1.831660
-1.785910	1.278680	-1.527740
-1.634120	1.336370	-0.988430
-0.962512	1.318250	-0.520380
-0.840792	1.049160	-0.437470
-1.096830	1.011510	-0.485810
-0.989369	1.517630	-0.486630
-0.690675	1.468250	-0.436630
-0.735675	1.292470	-0.497990
-0.521925	1.206370	-0.491620
-0.382550	1.357630	-0.366000
-0.298800	1.518880	-0.313500
-0.650656	1.651380	-0.389750
-0.568762	1.957000	-0.511630
-0.126925	1.880750	-0.464750
-1.018560	1.730750	-0.498500
-1.319770	1.460120	-0.649750
-1.374130	1.645120	-0.695980
-1.027990	2.040240	-0.667260
0.133700	1.791810	-0.436430
0.141177	2.338720	-0.694380
-0.446705	2.369840	-0.714750
-0.984806	2.337000	-0.842800
-1.363340	2.167390	-1.012620
-1.412910	1.894480	-0.899110
-1.670370	1.605750	-1.219420
-1.777880	1.589500	-1.643720
-1.649090	1.886140	-1.372870
1.914000	-0.271940	-1.396850
1.829000	-0.266940	-1.088800
1.922750	0.244560	-1.268130
1.954310	0.607630	-1.495250
1.930250	1.183250	-1.424970
1.616500	2.072230	-1.088990
1.818380	1.815130	-1.315680
1.655020	1.793640	-0.979110
1.609630	1.547630	-0.774070
1.859430	1.492890	-1.251050
1.833380	1.226380	-1.077550
1.286910	1.969260	-0.727750
1.257070	2.268880	-0.900920
0.727479	2.335630	-0.746430
0.833738	1.915120	-0.550370
0.394325	1.862000	-0.476620
1.545870	1.370130	-0.721600
1.762750	1.079500	-0.994050
1.424590	1.179060	-0.711000
1.648390	0.920180	-0.943550
1.226460	1.448250	-0.545370
0.903738	1.602000	-0.429750
1.266460	1.660750	-0.557880
0.926862	1.417620	-0.477250
0.618075	1.325750	-0.388500
0.326547	1.018860	-0.235020
0.547450	1.490750	-0.333500
0.563700	1.023730	-0.469790
1.292750	0.943250	-0.544130
1.521740	0.801900	-0.732550
0.722049	0.880530	-0.491490
0.740594	1.165130	-0.522880
0.960726	1.240050	-0.540410
1.048940	0.989650	-0.486000
1.188340	1.250130	-0.577880
1.864000	0.773250	-1.243150
1.927090	0.938020	-1.334660
1.933070	0.547380	-1.368920
1.781960	0.619370	-1.102620
1.980450	0.130060	-1.520240
1.922520	-0.329750	-1.641850
0.778229	0.430180	-0.449230
0.602049	0.311360	-0.269230
0.658700	0.616370	-0.473500
1.595080	0.433660	-0.833040
1.290250	0.365130	-0.586000
1.399620	0.560750	-0.672250
1.770250	0.166440	-0.955920
1.643380	-0.263190	-0.797220
1.589700	0.091760	-0.741000
1.349620	0.095810	-0.568500
0.513075	0.675130	-0.357870
0.747606	0.685790	-0.521940
0.943131	0.673870	-0.497250
1.175860	0.660130	-0.528500
1.048150	0.542890	-0.520160
1.342750	0.651380	-0.594750
1.463100	0.667310	-0.703730
0.835613	0.557000	-0.495380
1.034590	0.408250	-0.502870
1.250880	0.524500	-0.574120
1.558200	0.633640	-0.825080
1.746500	-0.748130	-1.250000
0.703274	-0.025110	-0.203710
0.483075	-0.045690	-0.016000
0.199587	-0.098020	0.462660
0.326825	-0.180660	0.383370
0.293751	0.194330	0.166110
0.390966	-0.100450	0.198100
0.434325	-0.345620	0.276500
0.521825	-0.275000	0.124620
0.654305	-0.353870	-0.122670
1.057580	-0.197750	-0.348840
0.950702	-0.678480	-0.273160
1.217250	-0.498660	-0.445300
0.597450	-0.599380	-0.070380
1.009930	0.153030	-0.405900
1.416500	-0.234440	-0.569750
1.424000	-0.638130	-0.665380
0.170759	-0.488280	0.385960
0.263700	-0.334170	0.453510
0.185564	-0.634840	0.221430
0.364359	-0.397450	0.264050
0.257333	-0.411290	0.330840
0.467449	-0.449040	0.135730
0.400073	-0.604760	0.064200
0.557450	-0.428130	0.037120
0.257450	-0.434380	0.150880
0.617272	-0.986860	-0.027390
0.787958	-0.841920	-0.143420
0.917487	-1.016880	-0.241000
0.240336	-1.013620	0.275540
0.228525	-0.881680	0.244160
0.423700	-1.066260	0.178380
0.258112	-1.283970	0.148120
0.299587	-1.149890	0.213950
0.422450	-1.180000	0.134620
0.525382	-1.235110	0.033770
0.542201	-1.136050	0.047890
0.162450	-1.150630	0.270250
0.353700	-1.439370	0.160250
0.399325	-1.305000	0.093370
0.521552	-1.319770	-0.002800
0.501825	-1.418120	0.052750
0.804566	-1.704930	-0.335950
0.617337	-1.619230	-0.132020
0.773677	-1.358910	-0.275290
0.569495	-1.500160	-0.023610
1.067970	-1.309050	-0.477730
1.027690	-1.623750	-0.537250
0.668993	-1.916670	-0.165120
0.408075	-1.965720	0.093370
0.462525	-1.670340	0.042140
0.303110	-1.574950	0.158700
0.181825	-1.453130	0.192750
0.465199	-1.543160	0.102270
0.275200	-1.718790	0.114980
1.299000	-1.462200	-0.840570
1.148810	-1.825720	-0.762560
1.522750	-1.242500	-1.093170
1.424750	-1.125980	-0.864810
1.654660	-1.112120	-1.372280
1.162600	-0.978580	-0.509630
1.635870	-0.733120	-0.966550
1.786750	-0.798180	-1.593540
1.844000	-0.670630	-1.787470
1.789000	-0.915630	-1.809970
1.687360	-1.184340	-1.626150
0.763700	-2.199190	-0.317880
0.549950	-2.206060	-0.044130
0.997297	-2.092510	-0.665440
0.915612	-1.930690	-0.482870
0.928580	-2.248490	-0.700440
0.389404	-2.377770	-0.051000
0.266434	-2.461830	-0.164050
0.329325	-2.226090	0.114620
0.606040	-2.375250	-0.256890
1.364360	-1.759500	-1.157440
Faces Number: 562 
4	8	9	-0.849476	-0.468210	0.243248
0	1	2
0.000691
0.000000	0.000000
0.272595	0.177683
0.005577	0.008708
9	8	10	-0.808800	-0.507435	0.297240
1	3	4
0.000775
0.000000	0.000000
0.215801	0.064308
0.043507	0.020149
10	8	11	-0.855647	-0.072145	0.512507
3	5	6
0.002244
0.000000	0.000000
0.042709	0.120263
0.056077	0.052809
11	8	12	-0.834409	0.299234	0.462840
5	7	8
0.000860
0.000000	0.000000
0.068854	0.045970
0.009337	0.031217
12	8	13	-0.735875	0.547153	0.398889
7	9	10
0.000581
0.000000	0.000000
0.091262	0.087401
0.014464	0.026594
13	8	5	-0.922958	0.167540	0.346524
9	11	12
0.000359
0.000000	0.000000
0.200344	0.137487
0.009878	0.010360
15	14	6	-0.281669	-0.942875	0.177904
13	14	15
0.000374
0.000000	0.000000
0.069199	0.018057
0.074066	0.008526
6	14	5	-0.581779	0.797638	0.159082
14	16	17
0.001579
0.000000	0.000000
0.064256	0.023348
0.058370	0.070364
5	14	16	-0.389450	-0.896331	0.211943
16	18	19
0.000550
0.000000	0.000000
0.091426	0.039303
0.033599	0.026473
16	14	17	-0.650301	-0.552715	0.521168
18	20	21
0.000156
0.000000	0.000000
0.012225	0.017115
0.056031	0.052926
17	14	18	-0.596508	0.507494	0.621794
20	22	23
0.000018
0.000000	0.000000
0.020313	0.017003
0.025015	0.019196
18	14	15	-0.606414	-0.489462	0.626649
22	13	24
0.000166
0.000000	0.000000
0.028984	0.044554
0.012606	0.007945
15	7	19	0.237138	0.134899	0.962064
25	26	27
0.000097
0.000000	0.000000
0.002483	0.030653
0.011695	0.066295
19	20	18	-0.181025	0.282097	0.942153
28	29	30
0.000084
0.000000	0.000000
0.022033	0.012827
0.001191	0.008290
18	20	17	-0.538676	0.456742	0.707965
29	31	23
0.000054
0.000000	0.000000
0.013448	0.012889
0.025253	0.016158
17	20	21	-0.443123	-0.599988	0.666075
31	32	33
0.000468
0.000000	0.000000
0.048287	0.015599
0.027962	0.028432
21	20	22	-0.197267	-0.117552	0.973276
32	34	35
0.000372
0.000000	0.000000
0.070016	0.002804
0.005388	0.010837
22	20	23	-0.141157	-0.073098	0.987285
34	36	37
0.000026
0.000000	0.000000
0.102699	0.005836
0.000024	0.000508
23	20	19	-0.125226	-0.711761	0.691169
36	28	38
0.000983
0.000000	0.000000
0.101403	0.001734
0.000206	0.019392
7	15	6	-0.378027	0.896922	0.229406
25	15	39
0.000008
0.000000	0.000000
0.029007	0.002159
0.067177	0.005546
15	19	18	-0.163249	-0.590462	0.790382
27	30	24
0.000133
0.000000	0.000000
0.071600	0.049789
0.010035	0.010681
5	16	13	-0.845497	0.288264	0.449487
19	40	12
0.000293
0.000000	0.000000
0.100705	0.030182
0.012135	0.009446
13	24	12	-0.727959	0.383333	0.568447
41	42	10
0.000083
0.000000	0.000000
0.018608	0.024137
0.014585	0.027801
12	24	25	-0.580644	-0.663603	0.471681
42	43	44
0.000665
0.000000	0.000000
0.054144	0.044110
0.021770	0.042299
25	24	26	-0.617267	-0.335389	0.711685
43	45	46
0.001431
0.000000	0.000000
0.012562	0.089754
0.033660	0.012639
26	24	27	-0.683784	0.412233	0.602082
45	47	48
0.000039
0.000000	0.000000
0.019322	0.030269
0.019028	0.033884
27	24	16	-0.624451	-0.555544	0.549029
47	49	50
0.000774
0.000000	0.000000
0.072751	0.062378
0.015797	0.034832
16	24	13	-0.590980	-0.696065	0.407720
49	41	40
0.000050
0.000000	0.000000
0.028332	0.021253
0.086653	0.061441
21	27	17	-0.533468	-0.602545	0.593593
51	52	33
0.000466
0.000000	0.000000
0.071207	0.042481
0.026934	0.029165
16	17	27	-0.639726	-0.539492	0.547448
21	52	50
0.000553
0.000000	0.000000
0.053542	0.047045
0.016040	0.034740
9	28	4	-0.888341	-0.395555	0.233209
53	54	2
0.000212
0.000000	0.000000
0.080553	0.036801
0.006262	0.008117
4	28	3	-0.974464	-0.120057	0.189755
54	55	56
0.000077
0.000000	0.000000
0.037717	0.016383
0.043186	0.014700
3	28	2	-0.972963	0.152101	0.173804
55	57	58
0.000057
0.000000	0.000000
0.045454	0.001543
0.001593	0.002582
2	28	1	-0.985192	0.071123	0.156010
57	59	60
0.000073
0.000000	0.000000
0.035189	0.003796
0.022404	0.006543
1	28	29	-0.960622	-0.243751	0.133384
59	61	62
0.000416
0.000000	0.000000
0.272221	0.030891
0.000355	0.003096
29	28	30	-0.974357	0.099109	0.202004
61	63	64
0.000516
0.000000	0.000000
0.051321	0.035874
0.029494	0.040723
30	28	9	-0.971645	0.120428	0.203477
63	53	65
0.000218
0.000000	0.000000
0.099702	0.004472
0.030058	0.005726
32	31	10	-0.758963	-0.401532	0.512590
66	67	68
0.000280
0.000000	0.000000
0.079424	0.086085
0.013881	0.022099
10	31	30	-0.899854	0.095807	0.425539
67	69	70
0.000138
0.000000	0.000000
0.016016	0.053879
0.027770	0.076147
30	31	33	-0.902489	-0.060449	0.426450
69	71	72
0.000353
0.000000	0.000000
0.057331	0.024726
0.042976	0.006206
33	31	34	-0.747880	-0.395556	0.533114
71	73	74
0.001506
0.000000	0.000000
0.096978	0.043828
0.036922	0.047750
34	31	35	-0.736075	0.226524	0.637872
73	75	76
0.000651
0.000000	0.000000
0.015196	0.072726
0.030425	0.059928
35	31	32	-0.710710	-0.330993	0.620754
75	66	77
0.000431
0.000000	0.000000
0.064624	0.063006
0.029824	0.042427
35	36	37	-0.554281	-0.502853	0.663258
78	79	80
0.001622
0.000000	0.000000
0.061944	0.098348
0.049294	0.025898
37	36	38	-0.594354	0.084653	0.799736
79	81	82
0.005098
0.000000	0.000000
0.059735	0.233882
0.053658	0.039415
38	36	39	-0.704065	0.094175	0.703863
81	83	84
0.000029
0.000000	0.000000
0.053552	0.053720
0.000750	0.001834
39	36	40	-0.533136	-0.672588	0.513216
83	85	86
0.001363
0.000000	0.000000
0.064171	0.040500
0.034609	0.064309
40	36	11	-0.762215	-0.194379	0.617451
85	87	88
0.000737
0.000000	0.000000
0.034943	0.059174
0.058441	0.056791
11	36	32	-0.712383	0.216566	0.667539
87	89	90
0.000113
0.000000	0.000000
0.072700	0.079817
0.008646	0.012593
32	36	35	-0.676447	-0.345172	0.650597
89	78	77
0.000907
0.000000	0.000000
0.094885	0.094184
0.026561	0.045483
10	30	9	-0.805638	-0.518801	0.285995
70	65	4
0.000349
0.000000	0.000000
0.123037	0.040786
0.043295	0.020023
11	32	10	-0.801115	-0.298525	0.518746
90	68	6
0.001201
0.000000	0.000000
0.011077	0.051753
0.057487	0.051680
25	11	12	-0.591169	-0.632501	0.500461
91	8	44
0.000949
0.000000	0.000000
0.074693	0.057149
0.021847	0.042121
11	25	40	-0.468202	-0.791969	0.391883
91	92	88
0.000398
0.000000	0.000000
0.076539	0.050380
0.073810	0.058989
22	41	21	-0.175834	-0.400028	0.899478
93	94	35
0.000226
0.000000	0.000000
0.070195	0.021777
0.004100	0.007710
21	41	42	-0.277053	0.142429	0.950240
94	95	96
0.000057
0.000000	0.000000
0.021437	0.003576
0.001703	0.005599
42	41	43	-0.279276	-0.731890	0.621564
95	97	98
0.000050
0.000000	0.000000
0.019601	0.032930
0.019725	0.028006
43	41	44	-0.046932	0.317943	0.946948
97	99	100
0.000031
0.000000	0.000000
0.016108	0.005224
0.023366	0.003672
44	41	22	-0.079578	0.157103	0.984371
99	93	101
0.000141
0.000000	0.000000
0.059317	0.000774
0.000313	0.004769
42	45	46	-0.753529	0.274724	0.597261
102	103	104
0.000011
0.000000	0.000000
0.001701	0.006285
0.007244	0.013522
46	45	47	-0.534445	-0.677107	0.505861
103	105	106
0.000007
0.000000	0.000000
0.011602	0.009265
0.005223	0.005453
47	45	48	-0.473839	-0.450572	0.756611
105	107	108
0.000004
0.000000	0.000000
0.007436	0.008243
0.007643	0.007474
48	45	43	-0.315209	0.057579	0.947274
107	109	110
0.000005
0.000000	0.000000
0.013049	0.004547
0.003139	0.000307
43	45	42	-0.248033	-0.749580	0.613685
109	102	98
0.000044
0.000000	0.000000
0.014017	0.024443
0.019417	0.027617
50	49	43	-0.110801	-0.129705	0.985342
111	112	113
0.000011
0.000000	0.000000
0.011239	0.000431
0.000148	0.001920
43	49	48	-0.146724	0.005884	0.989160
112	114	110
0.000001
0.000000	0.000000
0.016817	0.001600
0.003230	0.000150
48	49	51	-0.103145	0.031326	0.994173
114	115	116
0.000020
0.000000	0.000000
0.019697	0.006123
0.014846	0.002561
51	49	52	-0.121986	-0.313054	0.941869
115	117	118
0.000016
0.000000	0.000000
0.025925	0.005352
0.001652	0.001596
52	49	53	-0.085617	0.154754	0.984236
117	119	120
0.000009
0.000000	0.000000
0.020916	0.000647
0.000131	0.000836
53	49	50	-0.098794	-0.141422	0.985007
119	111	121
0.000004
0.000000	0.000000
0.018897	0.000326
0.000009	0.000400
50	43	44	-0.096975	-0.402441	0.910295
113	100	122
0.000204
0.000000	0.000000
0.071584	0.001040
0.000083	0.005706
46	54	42	-0.686998	0.392887	0.611288
123	124	104
0.000004
0.000000	0.000000
0.006164	0.010155
0.008384	0.012417
42	54	27	-0.499653	-0.693488	0.519058
124	125	126
0.000070
0.000000	0.000000
0.026244	0.019169
0.054315	0.045044
27	54	26	-0.701695	0.200205	0.683771
125	127	48
0.000300
0.000000	0.000000
0.004869	0.038049
0.020067	0.033732
21	42	27	-0.655564	-0.206737	0.726289
96	126	51
0.002037
0.000000	0.000000
0.011897	0.076914
0.054776	0.011762
26	55	25	-0.629454	0.212366	0.747454
128	129	46
0.002217
0.000000	0.000000
0.022924	0.104896
0.045441	0.014491
25	55	40	-0.555517	-0.111196	0.824037
129	130	92
0.000032
0.000000	0.000000
0.075302	0.068504
0.003570	0.004091
40	55	39	-0.433804	-0.658182	0.615314
130	131	86
0.002610
0.000000	0.000000
0.092226	0.022788
0.034084	0.065027
39	55	56	-0.520471	-0.071227	0.850903
131	132	133
0.003329
0.000000	0.000000
0.121089	0.005492
0.002206	0.055091
56	55	57	-0.715727	0.329156	0.615948
132	134	135
0.000059
0.000000	0.000000
0.045321	0.070168
0.004368	0.009367
57	55	58	-0.696347	0.006986	0.717671
134	136	137
0.000015
0.000000	0.000000
0.078785	0.079948
0.000583	0.000203
58	55	59	-0.640283	-0.341384	0.688110
136	138	139
0.000024
0.000000	0.000000
0.074666	0.073037
0.000795	0.001429
59	55	47	-0.637017	0.430950	0.639134
138	140	141
0.000069
0.000000	0.000000
0.065573	0.055339
0.001576	0.003430
47	55	46	-0.513053	-0.715808	0.473705
140	142	106
0.000045
0.000000	0.000000
0.078948	0.064370
0.005220	0.005407
46	55	54	-0.656977	-0.563969	0.500320
142	143	123
0.000117
0.000000	0.000000
0.043029	0.042504
0.005409	0.010797
54	55	26	-0.592515	-0.524842	0.611119
143	128	127
0.000931
0.000000	0.000000
0.020657	0.055428
0.039552	0.015952
48	60	47	-0.438744	-0.536071	0.721201
144	145	108
0.000021
0.000000	0.000000
0.008313	0.010996
0.008839	0.006746
47	60	59	-0.555641	0.390252	0.734143
145	146	141
0.000016
0.000000	0.000000
0.010226	0.005949
0.001132	0.003811
59	60	58	-0.548566	-0.355097	0.756955
146	147	139
0.000009
0.000000	0.000000
0.013563	0.009525
0.000561	0.001653
58	60	61	-0.411655	-0.718387	0.560768
147	148	149
0.000008
0.000000	0.000000
0.011516	0.010830
0.010794	0.008792
61	60	51	-0.257700	0.317309	0.912637
148	150	151
0.000007
0.000000	0.000000
0.010279	0.002338
0.017352	0.002603
51	60	48	-0.318234	-0.093426	0.943397
150	144	116
0.000042
0.000000	0.000000
0.013496	0.010674
0.014628	0.005281
52	62	51	-0.240613	0.404836	0.882164
152	153	118
0.000021
0.000000	0.000000
0.023433	0.010155
0.003327	0.003267
51	62	63	-0.383271	-0.153913	0.910722
153	154	155
0.000006
0.000000	0.000000
0.012470	0.013740
0.003711	0.005094
63	62	64	-0.317407	-0.510683	0.799034
154	156	157
0.000055
0.000000	0.000000
0.018041	0.002249
0.005612	0.006790
64	62	65	-0.121953	-0.009645	0.992489
156	158	159
0.000010
0.000000	0.000000
0.019580	0.000125
0.000006	0.001009
65	62	66	-0.073547	-0.176921	0.981473
158	160	161
0.000007
0.000000	0.000000
0.013389	0.001384
0.000082	0.001006
66	62	52	-0.083013	-0.499315	0.862435
160	152	162
0.000075
0.000000	0.000000
0.011760	0.000105
0.000064	0.012705
64	67	63	-0.308698	-0.589915	0.746127
163	164	157
0.000093
0.000000	0.000000
0.034721	0.006879
0.005508	0.006459
63	67	61	-0.349464	-0.592542	0.725788
164	165	166
0.000009
0.000000	0.000000
0.007735	0.007534
0.007080	0.009151
61	67	57	-0.606151	0.297552	0.737593
165	167	168
0.000042
0.000000	0.000000
0.003860	0.009436
0.011550	0.006698
57	67	56	-0.631218	0.442407	0.637056
167	169	135
0.000051
0.000000	0.000000
0.016698	0.013264
0.004211	0.009427
61	57	58	-0.360033	-0.816864	0.450677
168	137	149
0.000000
0.000000	0.000000
0.011985	0.010906
0.010837	0.009788
63	61	51	-0.379402	-0.290235	0.878531
166	151	155
0.000021
0.000000	0.000000
0.013783	0.008144
0.003516	0.005052
64	68	67	-0.459649	-0.145608	0.876083
170	171	163
0.000103
0.000000	0.000000
0.015282	0.000980
0.005447	0.013788
67	68	56	-0.456622	0.632630	0.625520
171	172	169
0.000139
0.000000	0.000000
0.038420	0.029481
0.036869	0.021056
56	68	69	-0.469596	-0.522602	0.711594
172	173	174
0.000052
0.000000	0.000000
0.137946	0.053813
0.071670	0.028708
69	68	70	-0.377748	-0.677933	0.630645
173	175	176
0.000409
0.000000	0.000000
0.038458	0.059908
0.020042	0.009954
70	68	71	-0.194031	-0.052118	0.979610
175	177	178
0.000033
0.000000	0.000000
0.050244	0.006346
0.004373	0.001874
71	68	72	-0.071759	0.050318	0.996152
177	179	180
0.000003
0.000000	0.000000
0.030274	0.000261
0.000138	0.000173
72	68	65	-0.064901	0.302846	0.950827
179	181	182
0.000043
0.000000	0.000000
0.027531	0.000296
0.000042	0.003158
65	68	64	-0.103492	-0.487050	0.867221
181	170	159
0.000004
0.000000	0.000000
0.014137	0.006698
0.000221	0.000737
74	73	56	-0.430967	0.077836	0.899004
183	184	185
0.000012
0.000000	0.000000
0.036151	0.012263
0.004105	0.002080
56	73	39	-0.352204	-0.745150	0.566307
184	186	133
0.000266
0.000000	0.000000
0.017507	0.020867
0.048575	0.027529
39	73	38	-0.565082	0.097137	0.819297
186	187	84
0.000014
0.000000	0.000000
0.016701	0.012154
0.000533	0.002048
38	73	74	-0.348507	-0.671440	0.653997
187	183	188
0.000045
0.000000	0.000000
0.021696	0.023044
0.049297	0.048218
74	56	69	-0.499377	-0.042016	0.865366
185	174	189
0.001529
0.000000	0.000000
0.142273	0.006035
0.000983	0.021534
76	75	77	-0.002848	-0.947752	0.318996
190	191	192
0.000083
0.000000	0.000000
0.025758	0.032289
0.013241	0.010165
77	75	78	-0.558394	0.780910	0.279958
191	193	194
0.000001
0.000000	0.000000
0.012703	0.003395
0.006250	0.001459
78	75	79	-0.685039	0.718758	0.118777
193	195	196
0.000107
0.000000	0.000000
0.001030	0.030217
0.007193	0.002432
79	75	70	-0.832741	-0.456058	0.313934
195	197	198
0.000028
0.000000	0.000000
0.018404	0.016435
0.015570	0.010890
70	75	69	-0.480953	-0.421135	0.768979
197	199	176
0.000026
0.000000	0.000000
0.019986	0.019022
0.013003	0.014971
69	80	74	-0.470367	-0.462791	0.751385
200	201	189
0.000037
0.000000	0.000000
0.016682	0.014150
0.011076	0.013772
74	80	81	-0.825752	0.182821	0.533582
201	202	203
0.000015
0.000000	0.000000
0.008473	0.007458
0.002874	0.005986
81	80	82	-0.502254	-0.800461	0.327113
202	204	205
0.000034
0.000000	0.000000
0.012404	0.012434
0.026140	0.020735
82	80	83	-0.783440	0.396882	0.478233
204	206	207
0.000007
0.000000	0.000000
0.009739	0.012478
0.008184	0.011880
83	80	76	-0.355712	-0.886982	0.294503
206	208	209
0.000094
0.000000	0.000000
0.019127	0.023949
0.002752	0.013256
76	80	69	-0.770004	-0.078165	0.633233
208	200	210
0.000027
0.000000	0.000000
0.006633	0.008478
0.009129	0.003383
76	77	83	-0.255109	-0.895772	0.364023
192	211	209
0.000073
0.000000	0.000000
0.012325	0.007114
0.002640	0.013361
79	84	78	-0.870147	0.181597	0.458111
212	213	196
0.000019
0.000000	0.000000
0.006208	0.016988
0.004409	0.005926
78	84	77	-0.410993	0.775740	0.478865
213	214	194
0.000003
0.000000	0.000000
0.009320	0.004932
0.005934	0.003884
77	84	83	-0.550468	0.600477	0.580010
214	215	211
0.000038
0.000000	0.000000
0.005742	0.026319
0.003074	0.000847
83	84	85	-0.492314	-0.703365	0.512743
215	216	217
0.000071
0.000000	0.000000
0.030324	0.020031
0.014310	0.014148
85	84	86	-0.507166	-0.402218	0.762236
216	218	219
0.000002
0.000000	0.000000
0.010386	0.010271
0.014281	0.013779
86	84	87	-0.353065	0.133341	0.926048
218	220	221
0.000051
0.000000	0.000000
0.015632	0.021623
0.013156	0.011653
70	71	79	-0.421603	-0.664558	0.616939
178	222	198
0.000136
0.000000	0.000000
0.012956	0.002891
0.003079	0.021618
88	79	71	-0.350380	-0.637567	0.686106
223	222	224
0.000108
0.000000	0.000000
0.008253	0.001584
0.003074	0.026777
87	84	79	-0.083089	-0.674887	0.733228
220	212	225
0.000376
0.000000	0.000000
0.032331	0.007512
0.013609	0.026437
87	79	88	-0.357509	-0.426141	0.831018
225	223	226
0.000081
0.000000	0.000000
0.012340	0.023382
0.001963	0.016899
37	89	35	-0.558632	-0.501988	0.660256
227	228	80
0.000978
0.000000	0.000000
0.034896	0.057872
0.049382	0.025820
35	89	34	-0.658077	0.181484	0.730752
228	229	76
0.000619
0.000000	0.000000
0.008774	0.050056
0.035027	0.058825
34	89	90	-0.650809	-0.264355	0.711733
229	230	231
0.000196
0.000000	0.000000
0.052810	0.047303
0.005682	0.012514
90	89	91	-0.450671	-0.561717	0.693808
230	232	233
0.000235
0.000000	0.000000
0.048236	0.058641
0.025509	0.021261
91	89	92	-0.479708	0.130008	0.867743
232	234	235
0.002080
0.000000	0.000000
0.023724	0.078776
0.078123	0.084019
92	89	37	-0.416163	-0.504205	0.756694
234	227	236
0.000647
0.000000	0.000000
0.116943	0.032845
0.039000	0.022022
92	93	91	-0.398048	-0.019241	0.917163
237	238	235
0.002583
0.000000	0.000000
0.033036	0.103532
0.078430	0.089424
91	93	94	-0.394828	-0.025723	0.918395
238	239	240
0.000135
0.000000	0.000000
0.098225	0.040912
0.010789	0.001746
94	93	95	-0.220636	-0.667095	0.711551
239	241	242
0.000013
0.000000	0.000000
0.043448	0.042491
0.007353	0.007803
95	93	96	-0.141571	-0.352678	0.924973
241	243	244
0.000074
0.000000	0.000000
0.058505	0.015996
0.000550	0.002669
96	93	97	-0.408443	0.354523	0.841123
243	245	246
0.000252
0.000000	0.000000
0.062694	0.062680
0.028891	0.020834
97	93	98	-0.356603	0.114065	0.927267
245	247	248
0.000250
0.000000	0.000000
0.136249	0.059016
0.026437	0.007776
98	93	92	-0.313363	-0.637765	0.703604
247	237	249
0.000147
0.000000	0.000000
0.053020	0.057900
0.054862	0.065467
74	81	38	-0.447059	-0.248463	0.859304
203	250	188
0.001497
0.000000	0.000000
0.051341	0.002947
0.021919	0.059575
37	38	92	-0.458669	-0.377534	0.804420
82	251	236
0.000293
0.000000	0.000000
0.062565	0.030223
0.038245	0.027844
81	92	38	-0.369292	-0.515247	0.773398
252	251	250
0.000652
0.000000	0.000000
0.121974	0.114243
0.100184	0.083136
98	92	81	-0.377579	0.235908	0.895422
249	252	253
0.000732
0.000000	0.000000
0.124597	0.030783
0.001657	0.012160
98	81	99	-0.574970	-0.249207	0.779298
253	254	255
0.000326
0.000000	0.000000
0.055863	0.041335
0.017109	0.024327
82	99	81	-0.885595	-0.146643	0.440701
256	254	205
0.000519
0.000000	0.000000
0.041222	0.015678
0.010185	0.029059
85	100	82	-0.517980	-0.785150	0.339463
257	258	259
0.000280
0.000000	0.000000
0.010798	0.019955
0.047046	0.035118
82	100	99	-0.786970	0.347793	0.509625
258	260	256
0.000137
0.000000	0.000000
0.015271	0.018626
0.020682	0.007289
85	82	83	-0.487050	-0.791401	0.369414
259	207	217
0.000064
0.000000	0.000000
0.045156	0.050470
0.014185	0.013025
85	101	100	-0.857997	-0.109432	0.501862
261	262	257
0.000255
0.000000	0.000000
0.108586	0.018834
0.014886	0.007280
100	101	99	-0.822657	0.272718	0.498859
262	263	260
0.000350
0.000000	0.000000
0.058260	0.030092
0.006427	0.015349
99	101	97	-0.693356	0.409967	0.592609
263	264	265
0.000675
0.000000	0.000000
0.040767	0.040092
0.034188	0.066747
97	101	102	-0.726328	-0.066352	0.684138
264	266	267
0.001040
0.000000	0.000000
0.123440	0.125039
0.027005	0.010497
102	101	103	-0.706202	-0.429669	0.562729
266	268	269
0.001739
0.000000	0.000000
0.106473	0.221056
0.040495	0.051404
103	101	104	-0.497878	-0.370317	0.784208
268	270	271
0.006854
0.000000	0.000000
0.100936	0.247854
0.131174	0.186300
104	101	86	-0.589095	0.427781	0.685544
270	272	273
0.000114
0.000000	0.000000
0.030057	0.026634
0.064129	0.049263
86	101	85	-0.558397	-0.582690	0.590478
272	261	219
0.000079
0.000000	0.000000
0.028819	0.021081
0.015596	0.016880
86	87	104	0.171814	0.277368	0.945276
221	274	273
0.000541
0.000000	0.000000
0.011086	0.008246
0.017362	0.110491
99	97	98	-0.447288	-0.615220	0.649183
265	248	255
0.001016
0.000000	0.000000
0.060947	0.096868
0.031294	0.016403
30	33	29	-0.943675	0.109857	0.312104
72	275	64
0.000251
0.000000	0.000000
0.029972	0.030705
0.026140	0.043526
105	103	104	-0.424279	0.416987	0.803809
276	271	277
0.004119
0.000000	0.000000
0.042728	0.015481
0.053176	0.212088
107	106	108	-0.734441	0.197881	0.649184
278	279	280
0.000321
0.000000	0.000000
0.005320	0.020592
0.043085	0.046121
108	106	109	-0.286976	-0.924011	0.252684
279	281	282
0.000510
0.000000	0.000000
0.059218	0.040995
0.087635	0.077902
109	106	110	-0.677682	0.281606	0.679297
281	283	284
0.000022
0.000000	0.000000
0.003279	0.014423
0.004846	0.007862
110	106	111	-0.668159	0.286503	0.686644
283	285	286
0.000007
0.000000	0.000000
0.014543	0.014112
0.001882	0.002753
111	106	107	-0.395183	-0.771279	0.498958
285	278	287
0.000023
0.000000	0.000000
0.024225	0.026115
0.036943	0.041732
94	112	111	-0.477560	0.165435	0.862883
288	289	290
0.000014
0.000000	0.000000
0.003451	0.007712
0.011095	0.016515
111	112	113	-0.392529	-0.701490	0.594839
289	291	292
0.000041
0.000000	0.000000
0.021211	0.007590
0.006625	0.006244
113	112	114	-0.324649	-0.266068	0.907640
291	293	294
0.000036
0.000000	0.000000
0.013756	0.001587
0.000825	0.005326
114	112	115	-0.207432	0.192608	0.959101
293	295	296
0.000014
0.000000	0.000000
0.011660	0.002942
0.014675	0.001318
115	112	95	-0.214208	0.126102	0.968614
295	297	298
0.000011
0.000000	0.000000
0.039614	0.003630
0.000033	0.000556
95	112	94	-0.214511	-0.599183	0.771339
297	288	242
0.000023
0.000000	0.000000
0.014061	0.011413
0.006513	0.008524
96	116	95	-0.140408	-0.338864	0.930299
299	300	244
0.000020
0.000000	0.000000
0.015809	0.003514
0.000516	0.002693
95	116	115	-0.067310	0.118545	0.990665
300	301	298
0.000012
0.000000	0.000000
0.043114	0.000451
0.000034	0.000555
115	116	117	-0.064864	-0.171028	0.983129
301	302	303
0.000072
0.000000	0.000000
0.025285	0.021579
0.014439	0.006590
118	116	119	-0.173666	0.087161	0.980940
304	305	306
0.000003
0.000000	0.000000
0.012303	0.012328
0.006478	0.006078
119	116	96	-0.131740	0.130705	0.982629
305	299	307
0.000055
0.000000	0.000000
0.022561	0.011354
0.021881	0.006147
110	111	113	-0.586226	-0.321002	0.743839
286	292	308
0.000051
0.000000	0.000000
0.004622	0.016079
0.007539	0.004002
114	115	117	-0.063974	-0.066325	0.995745
296	303	309
0.000004
0.000000	0.000000
0.015696	0.000126
0.000008	0.000449
118	119	120	-0.475939	-0.189957	0.858719
306	310	311
0.000006
0.000000	0.000000
0.006506	0.003277
0.001959	0.002843
102	120	119	-0.448989	-0.610601	0.652361
312	310	313
0.000061
0.000000	0.000000
0.033128	0.036304
0.016220	0.021474
102	119	97	-0.656161	0.053872	0.752696
313	314	267
0.000151
0.000000	0.000000
0.015739	0.017968
0.025837	0.010292
121	102	103	-0.631078	-0.290396	0.719312
315	269	316
0.000924
0.000000	0.000000
0.024040	0.055903
0.046791	0.031931
121	120	102	-0.281352	0.279004	0.918149
317	312	315
0.000288
0.000000	0.000000
0.025620	0.003367
0.001703	0.022714
94	107	91	-0.544447	-0.093163	0.833606
318	319	240
0.000224
0.000000	0.000000
0.079014	0.068191
0.009979	0.002944
90	91	107	-0.529248	0.207941	0.822592
233	319	320
0.000176
0.000000	0.000000
0.049546	0.034824
0.005189	0.010733
107	122	90	-0.680241	0.187229	0.708673
321	322	320
0.000003
0.000000	0.000000
0.028452	0.026663
0.008088	0.007787
90	122	34	-0.703806	-0.245986	0.666444
322	323	231
0.000154
0.000000	0.000000
0.038325	0.036760
0.005168	0.013004
34	122	33	-0.752233	-0.374247	0.542295
323	324	74
0.001478
0.000000	0.000000
0.082759	0.029379
0.035744	0.048418
33	122	123	-0.862475	0.155857	0.481503
324	325	326
0.000060
0.000000	0.000000
0.023001	0.022948
0.033740	0.028424
123	122	108	-0.752459	-0.475162	0.456100
325	327	328
0.000625
0.000000	0.000000
0.051450	0.051344
0.029572	0.053797
108	122	107	-0.701968	-0.197353	0.684319
327	321	280
0.002444
0.000000	0.000000
0.031207	0.102946
0.059805	0.040648
94	111	107	-0.476785	-0.581275	0.659391
290	287	318
0.000587
0.000000	0.000000
0.011332	0.028586
0.050046	0.022634
97	119	96	-0.391542	-0.613149	0.686107
314	307	246
0.000606
0.000000	0.000000
0.046448	0.075139
0.029248	0.021229
29	124	1	-0.968077	-0.210399	0.136229
329	330	62
0.000250
0.000000	0.000000
0.159207	0.011359
0.000289	0.003158
1	124	0	-0.997796	0.001994	0.066332
330	331	332
0.000007
0.000000	0.000000
0.046035	0.002549
0.104258	0.006084
0	124	125	-0.986329	-0.136668	0.092071
331	333	334
0.000044
0.000000	0.000000
0.105793	0.005260
0.018715	0.001768
125	124	126	-0.975153	-0.154060	0.159193
333	335	336
0.000137
0.000000	0.000000
0.070222	0.011825
0.045342	0.011530
126	124	127	-0.972633	0.109759	0.204788
335	337	338
0.000315
0.000000	0.000000
0.203964	0.012350
0.007452	0.003536
127	124	123	-0.961597	0.085693	0.260744
337	339	340
0.000070
0.000000	0.000000
0.051805	0.012319
0.016895	0.001318
123	124	29	-0.945658	-0.139964	0.293498
339	329	341
0.000054
0.000000	0.000000
0.081655	0.017695
0.026470	0.007051
108	127	123	-0.687566	-0.586249	0.428444
342	340	328
0.000372
0.000000	0.000000
0.038940	0.043082
0.030033	0.052321
109	128	108	-0.560797	-0.717245	0.413602
343	344	282
0.000387
0.000000	0.000000
0.015956	0.024138
0.079679	0.071998
108	128	129	-0.731658	0.387960	0.560503
344	345	346
0.000025
0.000000	0.000000
0.031282	0.046620
0.011474	0.018689
129	128	130	-0.429926	-0.793575	0.430584
345	347	348
0.001439
0.000000	0.000000
0.057834	0.057594
0.020424	0.070117
130	128	131	-0.509480	-0.467542	0.722381
347	349	350
0.000349
0.000000	0.000000
0.012521	0.007829
0.083649	0.108012
131	128	109	-0.714711	-0.385703	0.583456
349	343	351
0.000234
0.000000	0.000000
0.057230	0.056627
0.014028	0.022065
108	129	127	-0.671466	-0.595185	0.441461
346	352	342
0.000124
0.000000	0.000000
0.011574	0.020581
0.027586	0.027626
126	127	129	-0.788189	-0.581415	0.201778
338	352	353
0.000074
0.000000	0.000000
0.003895	0.013608
0.023255	0.043032
129	132	126	-0.819343	-0.459124	0.343340
354	355	353
0.000126
0.000000	0.000000
0.014739	0.013813
0.025885	0.041393
126	132	133	-0.964692	0.224158	0.138285
355	356	357
0.000126
0.000000	0.000000
0.085459	0.011897
0.017236	0.005348
133	132	134	-0.908243	-0.395532	0.136563
356	358	359
0.000505
0.000000	0.000000
0.182743	0.052572
0.111175	0.037514
134	132	135	-0.926580	-0.289045	0.240629
358	360	361
0.001034
0.000000	0.000000
0.049674	0.011218
0.005770	0.042949
135	132	130	-0.801878	0.366378	0.471973
360	362	363
0.000067
0.000000	0.000000
0.054014	0.063327
0.006510	0.010107
130	132	129	-0.571881	-0.762501	0.302565
362	354	348
0.000179
0.000000	0.000000
0.044516	0.090201
0.028224	0.065211
137	136	138	-0.201703	-0.339046	0.918893
364	365	366
0.000149
0.000000	0.000000
0.063019	0.013033
0.004305	0.005617
138	136	131	-0.485838	0.211550	0.848061
365	367	368
0.000034
0.000000	0.000000
0.016166	0.037574
0.014447	0.037799
131	136	139	-0.260370	-0.759450	0.596190
367	369	370
0.000205
0.000000	0.000000
0.050493	0.030164
0.047145	0.036298
139	136	140	-0.193868	0.145591	0.970164
369	371	372
0.000102
0.000000	0.000000
0.037777	0.001430
0.005637	0.005611
140	136	141	-0.119487	-0.442830	0.888608
371	373	374
0.000239
0.000000	0.000000
0.072313	0.009054
0.002913	0.006976
141	136	137	-0.065738	0.192346	0.979123
373	364	375
0.000102
0.000000	0.000000
0.042845	0.004731
0.018240	0.006799
120	142	137	0.114629	-0.105767	0.987762
376	377	378
0.000053
0.000000	0.000000
0.069403	0.001041
0.028677	0.001949
137	142	141	0.055405	0.378202	0.924064
377	379	375
0.000240
0.000000	0.000000
0.091161	0.009150
0.016955	0.006970
141	142	140	-0.145424	-0.304401	0.941377
379	380	374
0.000159
0.000000	0.000000
0.044290	0.000985
0.002950	0.007242
140	142	143	-0.367373	0.075105	0.927036
380	381	382
0.000233
0.000000	0.000000
0.062451	0.006560
0.024328	0.010002
143	142	121	-0.474945	-0.145307	0.867936
381	383	384
0.000027
0.000000	0.000000
0.018782	0.017003
0.005958	0.008320
121	142	120	-0.152728	-0.185418	0.970719
383	376	317
0.000011
0.000000	0.000000
0.025365	0.005036
0.021385	0.003405
131	109	138	-0.634850	0.245122	0.732722
351	385	368
0.000130
0.000000	0.000000
0.014119	0.048131
0.015774	0.035375
103	143	121	-0.492271	-0.691091	0.529209
386	384	316
0.001918
0.000000	0.000000
0.042817	0.081747
0.054705	0.014837
103	144	143	-0.407265	-0.538666	0.737546
387	388	386
0.001436
0.000000	0.000000
0.053516	0.171145
0.046941	0.096451
143	144	145	-0.266202	0.222134	0.937973
388	389	390
0.000186
0.000000	0.000000
0.015196	0.010343
0.077919	0.028560
145	144	146	-0.057636	0.295168	0.953705
389	391	392
0.001325
0.000000	0.000000
0.115405	0.013298
0.012235	0.024366
146	144	147	-0.027160	-0.501013	0.865014
391	393	394
0.000025
0.000000	0.000000
0.152129	0.080678
0.006632	0.003182
147	144	105	0.024256	0.038920	0.998948
393	395	396
0.000532
0.000000	0.000000
0.042101	0.040354
0.110765	0.131428
105	144	103	-0.187987	-0.244182	0.951334
395	387	276
0.000215
0.000000	0.000000
0.128933	0.054016
0.039232	0.013101
143	145	140	-0.263729	-0.382113	0.885685
390	397	382
0.000021
0.000000	0.000000
0.065223	0.029486
0.015089	0.007467
139	140	145	-0.155416	-0.621492	0.767850
372	397	398
0.000050
0.000000	0.000000
0.021247	0.027068
0.036360	0.041599
145	148	139	-0.207005	-0.674767	0.708406
399	400	398
0.000040
0.000000	0.000000
0.037188	0.046199
0.036603	0.043316
139	148	149	-0.438672	-0.107463	0.892199
400	401	402
0.000914
0.000000	0.000000
0.041470	0.000736
0.012528	0.044319
149	148	150	-0.480853	0.262997	0.836428
401	403	404
0.000176
0.000000	0.000000
0.079315	0.038152
0.003318	0.006027
150	148	151	-0.486058	-0.505346	0.713003
403	405	406
0.001430
0.000000	0.000000
0.080864	0.034705
0.133403	0.021882
151	148	146	-0.206202	-0.477255	0.854230
405	407	408
0.000672
0.000000	0.000000
0.075525	0.046974
0.012144	0.025341
146	148	145	-0.176480	0.418657	0.890832
407	399	392
0.001672
0.000000	0.000000
0.178214	0.032745
0.013612	0.021263
139	149	131	-0.280006	-0.739082	0.612662
402	409	370
0.000462
0.000000	0.000000
0.091807	0.050713
0.047644	0.036392
149	130	131	-0.532140	0.304851	0.789869
410	350	409
0.000274
0.000000	0.000000
0.064126	0.065745
0.015544	0.007381
130	149	135	-0.672367	0.415714	0.612458
410	411	363
0.000166
0.000000	0.000000
0.062299	0.067632
0.005243	0.011023
135	149	150	-0.336543	-0.885867	0.319341
411	404	412
0.001327
0.000000	0.000000
0.100440	0.087411
0.069628	0.087022
105	152	147	0.028920	-0.348967	0.936689
413	414	396
0.003144
0.000000	0.000000
0.057616	0.119344
0.127690	0.155353
153	147	152	0.046598	0.443084	0.895268
415	414	416
0.003902
0.000000	0.000000
0.071864	0.081332
0.000169	0.108777
154	147	153	-0.006882	-0.483886	0.875104
417	415	418
0.000005
0.000000	0.000000
0.197683	0.104191
0.001140	0.000553
147	154	146	-0.016872	-0.547473	0.836653
417	419	394
0.000053
0.000000	0.000000
0.185059	0.118642
0.006127	0.003355
151	146	154	-0.218715	-0.317182	0.922800
408	419	420
0.001368
0.000000	0.000000
0.050616	0.022697
0.153727	0.014865
151	154	155	-0.225105	0.535386	0.814057
420	421	422
0.005884
0.000000	0.000000
0.306274	0.063680
0.007525	0.039989
151	155	156	-0.575789	-0.315681	0.754196
422	423	424
0.003995
0.000000	0.000000
0.035432	0.081223
0.110669	0.028208
151	156	157	-0.324970	-0.857774	0.398270
424	425	426
0.001945
0.000000	0.000000
0.112195	0.073539
0.093437	0.095910
151	157	150	-0.538970	-0.562923	0.626601
426	427	406
0.002140
0.000000	0.000000
0.101272	0.049380
0.132794	0.022496
150	158	135	-0.534928	-0.793757	0.289485
428	429	412
0.002649
0.000000	0.000000
0.085503	0.185199
0.069504	0.088582
135	158	134	-0.915930	-0.315379	0.248208
429	430	361
0.001288
0.000000	0.000000
0.062561	0.014899
0.006125	0.042642
134	158	159	-0.967374	0.079005	0.240718
430	431	432
0.000147
0.000000	0.000000
0.091263	0.018043
0.022370	0.001193
159	158	160	-0.806929	-0.556484	0.197967
431	433	434
0.000368
0.000000	0.000000
0.051068	0.061558
0.055558	0.052572
160	158	157	-0.883695	-0.172369	0.435169
433	435	436
0.003132
0.000000	0.000000
0.072796	0.007812
0.006122	0.086693
157	158	150	-0.812566	0.379642	0.442277
435	428	427
0.000243
0.000000	0.000000
0.084223	0.078884
0.031092	0.023350
160	157	156	-0.493438	-0.835253	0.242636
436	425	437
0.002466
0.000000	0.000000
0.062288	0.139939
0.084503	0.110651
126	133	125	-0.938454	-0.314843	0.142047
357	438	336
0.000012
0.000000	0.000000
0.041922	0.016380
0.041526	0.015671
0	125	133	-0.993338	-0.113350	0.020791
334	438	439
0.000030
0.000000	0.000000
0.012634	0.000871
0.000767	0.004841
33	123	29	-0.925723	-0.223424	0.305154
326	341	275
0.002044
0.000000	0.000000
0.245428	0.020414
0.001237	0.016759
162	161	163	0.930711	0.259147	0.258110
440	441	442
0.000667
0.000000	0.000000
0.076459	0.018405
0.047487	0.028873
167	166	168	0.623043	0.715577	0.315860
443	444	445
0.000276
0.000000	0.000000
0.048459	0.056060
0.029492	0.022712
168	169	170	0.837586	-0.353467	0.416546
446	447	448
0.000185
0.000000	0.000000
0.026458	0.035756
0.061740	0.069458
167	168	170	0.894131	-0.027210	0.446978
445	448	449
0.000086
0.000000	0.000000
0.091079	0.040633
0.009041	0.002147
171	165	170	0.936901	0.242078	0.252218
450	451	452
0.000069
0.000000	0.000000
0.076518	0.020931
0.036854	0.008271
169	171	170	0.574211	0.767200	0.285809
453	452	447
0.002093
0.000000	0.000000
0.070070	0.077832
0.089480	0.039653
172	169	168	0.575373	0.577276	0.579395
454	446	455
0.004645
0.000000	0.000000
0.011864	0.155803
0.063024	0.044580
172	168	166	0.353821	0.854897	0.379424
455	444	456
0.000358
0.000000	0.000000
0.111481	0.057515
0.115887	0.066220
172	166	173	0.628586	0.321900	0.707997
456	457	458
0.000040
0.000000	0.000000
0.102376	0.106295
0.021556	0.023155
172	173	174	0.299163	-0.503889	0.810307
458	459	460
0.001769
0.000000	0.000000
0.061531	0.044674
0.167660	0.064242
172	174	175	0.283645	0.402429	0.870400
460	461	462
0.002776
0.000000	0.000000
0.126593	0.064312
0.025622	0.056873
176	175	174	0.086146	0.598603	0.796400
463	461	464
0.003817
0.000000	0.000000
0.150643	0.068079
0.126182	0.107701
174	153	176	0.077144	0.531314	0.843656
465	466	464
0.007477
0.000000	0.000000
0.265235	0.112794
0.129102	0.111282
153	152	176	0.024889	-0.408983	0.912203
416	467	466
0.003699
0.000000	0.000000
0.093958	0.174879
0.112901	0.131394
105	176	152	0.040273	0.407773	0.912195
468	467	413
0.003571
0.000000	0.000000
0.073459	0.127816
0.000161	0.097502
171	169	177	0.370284	0.873815	0.315178
453	469	470
0.000232
0.000000	0.000000
0.074225	0.057722
0.106765	0.089278
178	171	177	0.706826	-0.410699	0.575955
471	470	472
0.000126
0.000000	0.000000
0.006058	0.013486
0.052650	0.075620
177	179	178	0.546747	-0.350449	0.760429
473	474	472
0.000034
0.000000	0.000000
0.013826	0.021119
0.048867	0.079498
180	178	179	0.553266	-0.418303	0.720361
475	474	476
0.000002
0.000000	0.000000
0.012925	0.015689
0.050417	0.061499
181	179	177	0.292907	0.745593	0.598578
477	473	478
0.000594
0.000000	0.000000
0.037582	0.056273
0.031291	0.015262
175	182	183	0.248920	-0.389345	0.886820
479	480	481
0.000444
0.000000	0.000000
0.070370	0.025176
0.091885	0.020251
172	175	183	0.273011	0.483382	0.831750
462	481	482
0.004126
0.000000	0.000000
0.195988	0.033820
0.002391	0.042514
169	172	183	0.528522	0.526996	0.665537
454	482	483
0.002409
0.000000	0.000000
0.035836	0.132788
0.042098	0.021569
177	169	183	0.520948	-0.295097	0.800956
469	483	484
0.000571
0.000000	0.000000
0.009118	0.022788
0.076894	0.067033
181	177	183	0.471585	0.135550	0.871340
478	484	485
0.000009
0.000000	0.000000
0.085973	0.045068
0.002126	0.001334
182	181	183	0.230387	0.724297	0.649858
486	485	480
0.000038
0.000000	0.000000
0.029745	0.031350
0.028114	0.027093
181	182	184	0.173396	0.700560	0.692206
486	487	488
0.000001
0.000000	0.000000
0.023081	0.023363
0.007737	0.007710
185	184	182	0.282895	0.519864	0.806047
489	487	490
0.001021
0.000000	0.000000
0.054524	0.083669
0.075832	0.078903
105	186	187	0.243337	0.290669	0.925364
491	492	493
0.000540
0.000000	0.000000
0.037803	0.020736
0.119227	0.093991
176	105	187	0.050042	-0.019394	0.998559
468	493	494
0.000221
0.000000	0.000000
0.129516	0.132827
0.041617	0.039269
175	176	187	0.095071	0.559593	0.823296
463	494	495
0.002916
0.000000	0.000000
0.152345	0.058818
0.096267	0.075446
182	175	187	0.132853	-0.287959	0.948383
479	495	496
0.000278
0.000000	0.000000
0.084390	0.028568
0.017558	0.012540
185	182	187	0.302984	-0.256500	0.917828
490	496	497
0.000240
0.000000	0.000000
0.078563	0.016069
0.006601	0.007454
186	185	187	0.410488	0.609013	0.678677
498	497	492
0.000335
0.000000	0.000000
0.084333	0.030915
0.060967	0.030296
186	188	185	0.490073	0.720597	0.490478
499	500	498
0.000968
0.000000	0.000000
0.052807	0.049618
0.082676	0.041007
179	189	190	0.671342	-0.188049	0.716895
501	502	503
0.000013
0.000000	0.000000
0.022578	0.024694
0.008757	0.010722
188	191	192	0.211681	0.242914	0.946670
504	505	506
0.000022
0.000000	0.000000
0.022566	0.017844
0.025207	0.021920
185	188	192	0.515051	0.049630	0.855721
500	506	507
0.000435
0.000000	0.000000
0.008320	0.064563
0.016448	0.023153
184	185	192	0.400261	0.036735	0.915665
489	507	508
0.000672
0.000000	0.000000
0.055486	0.064626
0.042374	0.025142
193	184	192	0.175220	0.323809	0.929756
509	508	510
0.000002
0.000000	0.000000
0.026187	0.006027
0.010145	0.002489
194	193	192	0.004825	-0.308639	0.951167
511	510	512
0.000144
0.000000	0.000000
0.047098	0.016815
0.041641	0.008758
191	194	192	-0.054386	0.110776	0.992356
513	512	505
0.000099
0.000000	0.000000
0.105994	0.000670
0.000742	0.001880
193	194	195	0.149088	-0.153224	0.976880
511	514	515
0.000078
0.000000	0.000000
0.061045	0.004733
0.000155	0.002551
184	193	195	0.158658	0.433580	0.887038
509	515	516
0.000087
0.000000	0.000000
0.020216	0.020364
0.029256	0.020831
181	184	195	0.239968	-0.118284	0.963548
488	516	517
0.000043
0.000000	0.000000
0.080215	0.012351
0.003187	0.001569
179	181	195	0.281221	0.765543	0.578670
477	517	518
0.000348
0.000000	0.000000
0.036479	0.057486
0.018015	0.009285
189	179	195	0.546019	-0.163782	0.821607
501	518	519
0.000153
0.000000	0.000000
0.024295	0.024228
0.018147	0.005480
194	189	195	0.246370	0.387293	0.888429
520	519	514
0.000450
0.000000	0.000000
0.052183	0.003814
0.025494	0.019124
178	196	197	0.637032	0.695642	0.332071
521	522	523
0.000065
0.000000	0.000000
0.052152	0.020273
0.060923	0.026169
171	178	197	0.821678	-0.345246	0.453487
471	523	524
0.000018
0.000000	0.000000
0.009674	0.009764
0.046894	0.043691
165	171	197	0.960417	0.106141	0.257552
450	524	525
0.000050
0.000000	0.000000
0.099132	0.017127
0.013166	0.001272
196	164	197	0.850843	0.362721	0.380131
526	527	522
0.000075
0.000000	0.000000
0.039816	0.029037
0.008922	0.010281
164	196	198	0.884907	0.410783	0.219536
526	528	529
0.000002
0.000000	0.000000
0.026870	0.017881
0.004253	0.002690
199	198	196	0.700717	0.590837	0.399885
530	528	531
0.000039
0.000000	0.000000
0.026080	0.037542
0.010870	0.018656
179	190	180	0.782777	0.261293	0.564789
503	532	476
0.001634
0.000000	0.000000
0.006883	0.067621
0.054218	0.057949
196	178	180	0.488979	0.745124	0.453530
521	475	533
0.000646
0.000000	0.000000
0.047289	0.013775
0.074653	0.049047
199	196	180	0.770043	-0.367088	0.521805
531	533	534
0.000061
0.000000	0.000000
0.012564	0.016681
0.023311	0.040710
190	199	180	0.581353	0.719052	0.380780
535	534	532
0.000225
0.000000	0.000000
0.064225	0.075951
0.016103	0.026046
199	163	198	0.748367	0.532156	0.395925
536	537	530
0.000462
0.000000	0.000000
0.069193	0.025111
0.033247	0.025407
163	161	200	0.965293	0.043645	0.257497
441	538	539
0.000590
0.000000	0.000000
0.216439	0.007048
0.022927	0.006201
198	163	200	0.975782	-0.070360	0.207120
537	539	540
0.000013
0.000000	0.000000
0.017753	0.003345
0.036886	0.008424
164	198	200	0.980696	-0.060790	0.185848
529	540	541
0.000012
0.000000	0.000000
0.015380	0.001031
0.001015	0.001595
161	201	200	0.984537	0.161551	0.067733
542	543	538
0.000245
0.000000	0.000000
0.054488	0.001591
0.027280	0.009781
203	202	204	0.421504	0.635557	0.646840
544	545	546
0.000725
0.000000	0.000000
0.030787	0.026759
0.007867	0.053937
206	205	207	0.494433	0.621437	0.607744
547	548	549
0.000393
0.000000	0.000000
0.090467	0.047341
0.012321	0.015144
199	205	208	0.733288	0.236336	0.637521
550	551	552
0.000023
0.000000	0.000000
0.053259	0.050950
0.019743	0.019749
163	199	208	0.800992	0.426518	0.420112
536	552	553
0.001039
0.000000	0.000000
0.086990	0.062945
0.013715	0.033821
162	163	208	0.890771	-0.140587	0.432160
442	553	554
0.000005
0.000000	0.000000
0.037279	0.028369
0.022138	0.017129
209	162	208	0.770379	0.406718	0.491017
555	554	556
0.000773
0.000000	0.000000
0.058719	0.049526
0.024444	0.046935
210	209	208	0.747762	0.201493	0.632655
557	556	558
0.000774
0.000000	0.000000
0.027660	0.076094
0.027641	0.020058
205	210	208	0.723337	-0.182266	0.666005
559	558	551
0.000548
0.000000	0.000000
0.004659	0.051473
0.025093	0.042100
210	205	211	0.571262	-0.221621	0.790281
559	560	561
0.001437
0.000000	0.000000
0.078753	0.009329
0.013955	0.038159
206	211	205	0.601953	0.085983	0.793889
562	560	547
0.000618
0.000000	0.000000
0.044467	0.026264
0.040022	0.051424
188	212	191	0.340133	-0.271353	0.900376
563	564	504
0.000347
0.000000	0.000000
0.062161	0.078609
0.022764	0.017619
188	186	212	0.666458	0.315026	0.675716
499	565	563
0.000338
0.000000	0.000000
0.055056	0.050138
0.007986	0.019533
212	203	204	0.703031	-0.038967	0.710091
566	546	567
0.001041
0.000000	0.000000
0.023514	0.131805
0.016424	0.003510
213	191	204	0.509695	0.174143	0.842547
568	569	570
0.000086
0.000000	0.000000
0.013375	0.036309
0.006555	0.004946
215	214	216	0.126453	0.198528	0.971903
571	572	573
0.000101
0.000000	0.000000
0.025394	0.028319
0.014890	0.008621
218	217	207	0.571775	0.550947	0.607890
574	575	576
0.000004
0.000000	0.000000
0.013491	0.009351
0.004165	0.003552
204	202	219	0.208276	-0.063388	0.976014
545	577	578
0.000014
0.000000	0.000000
0.032408	0.000952
0.006601	0.001060
213	204	219	0.241460	-0.104485	0.964769
570	578	579
0.000011
0.000000	0.000000
0.006700	0.004151
0.010729	0.003238
214	213	219	-0.117300	-0.093775	0.988659
580	579	581
0.000013
0.000000	0.000000
0.020692	0.003821
0.012519	0.001082
216	214	219	0.106076	0.271198	0.956661
572	581	582
0.000007
0.000000	0.000000
0.015822	0.001971
0.000279	0.000964
220	216	219	0.122429	-0.121114	0.985060
583	582	584
0.000000
0.000000	0.000000
0.011598	0.000297
0.028459	0.000799
202	220	219	0.207105	0.395123	0.894978
585	584	577
0.000124
0.000000	0.000000
0.059715	0.003047
0.004461	0.004377
220	206	221	0.232645	0.661174	0.713250
586	587	588
0.000049
0.000000	0.000000
0.025008	0.037121
0.022619	0.029621
216	220	221	0.262554	-0.146696	0.953701
583	588	589
0.000049
0.000000	0.000000
0.017448	0.000462
0.001177	0.005681
215	216	221	0.234166	-0.233160	0.943823
573	589	590
0.000032
0.000000	0.000000
0.015764	0.002991
0.007600	0.005526
217	215	221	0.337405	0.374462	0.863676
591	590	592
0.000005
0.000000	0.000000
0.020134	0.003881
0.010514	0.002488
207	217	221	0.451721	0.660353	0.599901
575	592	593
0.000009
0.000000	0.000000
0.005000	0.004505
0.014370	0.016671
206	207	221	0.532152	-0.155476	0.832251
549	593	587
0.000001
0.000000	0.000000
0.011577	0.009747
0.001868	0.001448
207	205	222	0.431083	0.766434	0.476178
548	594	595
0.000010
0.000000	0.000000
0.034931	0.025970
0.024624	0.017751
218	207	222	0.651797	-0.498342	0.571678
576	595	596
0.000022
0.000000	0.000000
0.004360	0.007765
0.008892	0.005748
190	218	222	0.731437	-0.273788	0.624532
597	596	598
0.000000
0.000000	0.000000
0.003321	0.005207
0.005947	0.009513
199	190	222	0.273784	0.935339	0.224015
535	598	599
0.000786
0.000000	0.000000
0.095642	0.039479
0.060725	0.008633
205	199	222	0.771519	-0.159206	0.615964
550	599	594
0.000033
0.000000	0.000000
0.056925	0.049701
0.000885	0.001925
105	104	186	0.499970	-0.389933	0.773293
277	600	491
0.006631
0.000000	0.000000
0.270887	0.577331
0.038939	0.034031
223	161	162	0.958386	-0.096771	0.268574
601	440	602
0.000491
0.000000	0.000000
0.045581	0.028456
0.048066	0.008445
225	224	203	0.492962	0.622828	0.607515
603	604	605
0.001680
0.000000	0.000000
0.046726	0.024323
0.019575	0.082081
226	104	87	-0.065449	-0.289536	0.954927
606	274	607
0.000521
0.000000	0.000000
0.115194	0.182837
0.015925	0.016233
226	227	228	0.598897	0.567643	0.564893
608	609	610
0.000408
0.000000	0.000000
0.014130	0.008283
0.025516	0.072774
104	226	228	0.660263	-0.373463	0.651597
606	610	611
0.001578
0.000000	0.000000
0.073468	0.158910
0.034100	0.030804
186	104	228	0.536146	0.452509	0.712589
600	611	612
0.003321
0.000000	0.000000
0.098076	0.185563
0.067824	0.196046
212	186	228	0.756342	0.394280	0.522006
565	612	613
0.000576
0.000000	0.000000
0.048761	0.058781
0.135452	0.186924
203	212	228	0.768817	0.059257	0.636718
566	613	614
0.001755
0.000000	0.000000
0.077265	0.052764
0.063834	0.089020
225	203	228	0.727325	-0.402442	0.555913
605	614	615
0.000998
0.000000	0.000000
0.024832	0.087019
0.035659	0.044564
229	225	228	0.855953	-0.249239	0.453017
616	615	617
0.000155
0.000000	0.000000
0.034761	0.013754
0.008856	0.012403
227	229	228	0.881901	0.132293	0.452491
618	617	609
0.000114
0.000000	0.000000
0.022079	0.008161
0.058373	0.011294
227	230	231	0.521017	0.777583	0.352002
619	620	621
0.000073
0.000000	0.000000
0.012422	0.011775
0.052269	0.037805
231	225	229	0.828607	-0.311347	0.465267
622	616	623
0.000055
0.000000	0.000000
0.010620	0.027698
0.011273	0.019062
227	231	229	0.556964	0.768071	0.316003
621	623	618
0.000142
0.000000	0.000000
0.032321	0.026616
0.004588	0.012538
231	232	225	0.920487	0.122831	0.370966
624	625	622
0.000202
0.000000	0.000000
0.040664	0.020148
0.026041	0.002979
224	225	232	0.618251	0.278390	0.735027
603	625	626
0.000207
0.000000	0.000000
0.043900	0.036866
0.004011	0.012807
224	232	233	0.428877	-0.248969	0.868377
626	627	628
0.001330
0.000000	0.000000
0.069381	0.015275
0.064647	0.052565
232	234	233	0.405568	0.534519	0.741488
629	630	627
0.002047
0.000000	0.000000
0.081643	0.068374
0.092842	0.127890
235	233	234	0.495480	0.381203	0.780502
631	630	632
0.001081
0.000000	0.000000
0.042453	0.067332
0.060817	0.045554
236	234	232	0.489595	0.272403	0.828307
633	629	634
0.000317
0.000000	0.000000
0.108247	0.052166
0.003588	0.007579
224	233	237	0.347056	0.663399	0.662914
628	635	636
0.000391
0.000000	0.000000
0.088140	0.122936
0.072635	0.092437
203	224	237	0.419668	-0.095983	0.902589
604	636	637
0.001278
0.000000	0.000000
0.091946	0.013840
0.053298	0.035832
202	203	237	0.471765	-0.359290	0.805201
544	637	638
0.000467
0.000000	0.000000
0.022853	0.031135
0.063596	0.045741
220	202	237	0.217512	0.360060	0.907219
585	638	639
0.000527
0.000000	0.000000
0.063852	0.004148
0.000871	0.016579
206	220	237	0.255885	0.698681	0.668108
586	639	640
0.000289
0.000000	0.000000
0.043510	0.059029
0.064285	0.073926
211	206	237	0.452945	0.037505	0.890749
562	640	641
0.001345
0.000000	0.000000
0.068118	0.004977
0.007930	0.040056
233	211	237	0.459388	0.047210	0.886980
642	641	635
0.000048
0.000000	0.000000
0.077706	0.057601
0.006834	0.003818
233	235	238	0.453257	0.503377	0.735643
631	643	644
0.000022
0.000000	0.000000
0.040826	0.041073
0.039095	0.040394
211	233	238	0.528707	-0.109178	0.841754
642	644	645
0.000089
0.000000	0.000000
0.075753	0.059016
0.006304	0.002572
210	211	238	0.472598	0.588979	0.655557
561	645	646
0.001134
0.000000	0.000000
0.056305	0.021304
0.030771	0.051940
209	210	238	0.690705	0.217936	0.689515
557	646	647
0.003060
0.000000	0.000000
0.003127	0.118632
0.051697	0.003856
239	209	238	0.687936	-0.169656	0.705664
648	647	649
0.000044
0.000000	0.000000
0.036348	0.035649
0.007616	0.009865
235	239	238	0.573481	0.528476	0.625966
650	649	643
0.000030
0.000000	0.000000
0.041819	0.037988
0.040282	0.035175
87	88	240	0.390235	0.279939	0.877126
226	651	652
0.000080
0.000000	0.000000
0.003777	0.025447
0.010740	0.029735
87	240	241	0.116806	0.650690	0.750306
652	653	654
0.000011
0.000000	0.000000
0.038536	0.041959
0.006770	0.006802
88	71	240	0.340084	0.629209	0.698884
224	655	651
0.000001
0.000000	0.000000
0.025930	0.025692
0.001627	0.001685
242	240	71	0.420852	0.674884	0.606147
656	655	657
0.000008
0.000000	0.000000
0.017938	0.016396
0.004491	0.004990
226	87	241	0.423517	-0.130817	0.896393
607	654	658
0.000007
0.000000	0.000000
0.011055	0.005779
0.006135	0.002011
227	226	241	0.534663	0.414492	0.736432
608	658	659
0.000057
0.000000	0.000000
0.014835	0.007327
0.004177	0.009709
230	227	241	0.519890	0.692482	0.500183
619	659	660
0.000021
0.000000	0.000000
0.011509	0.012093
0.030243	0.028130
243	230	241	0.505962	-0.672378	0.540287
661	660	662
0.000013
0.000000	0.000000
0.004557	0.002216
0.010896	0.011027
244	243	241	0.413013	-0.766107	0.492444
663	662	664
0.000029
0.000000	0.000000
0.009514	0.003406
0.001765	0.006753
240	244	241	0.910275	-0.048199	0.411189
665	664	653
0.000017
0.000000	0.000000
0.004411	0.007354
0.010473	0.009944
245	230	243	0.277661	0.867033	0.413714
666	661	667
0.000003
0.000000	0.000000
0.011781	0.012162
0.013931	0.013919
245	246	247	0.800698	-0.009797	0.598988
668	669	670
0.000025
0.000000	0.000000
0.016246	0.011449
0.004085	0.005944
230	245	247	0.435439	0.837016	0.331358
666	670	671
0.000033
0.000000	0.000000
0.008609	0.005902
0.029809	0.012798
231	230	247	0.819412	-0.363739	0.443010
620	671	672
0.000010
0.000000	0.000000
0.014918	0.012034
0.007109	0.007059
232	231	247	0.539040	0.785419	0.304225
624	672	673
0.000012
0.000000	0.000000
0.018317	0.027614
0.009705	0.013296
236	232	247	0.857498	-0.199013	0.474437
634	673	674
0.000020
0.000000	0.000000
0.011647	0.012356
0.011282	0.008561
246	236	247	0.480369	0.539326	0.691645
675	674	669
0.000146
0.000000	0.000000
0.026137	0.017076
0.026885	0.006370
242	246	248	0.517176	0.465101	0.718478
676	677	678
0.000187
0.000000	0.000000
0.042846	0.022482
0.005363	0.011523
240	242	248	0.889138	0.364174	0.277147
656	678	679
0.000096
0.000000	0.000000
0.016694	0.008629
0.004264	0.013760
244	240	248	0.693517	-0.714535	0.092054
665	679	680
0.000000
0.000000	0.000000
0.006719	0.006657
0.000502	0.000547
243	244	248	0.587647	-0.724452	0.360333
663	680	681
0.000012
0.000000	0.000000
0.005009	0.010073
0.008174	0.011700
245	243	248	-0.036635	0.949834	0.310601
667	681	682
0.000002
0.000000	0.000000
0.015095	0.004069
0.000325	0.000300
246	245	248	0.038550	0.128302	0.990986
668	682	677
0.000064
0.000000	0.000000
0.012975	0.018939
0.023878	0.025030
236	246	249	0.560000	0.062753	0.826113
675	683	684
0.000001
0.000000	0.000000
0.032073	0.024795
0.002441	0.001965
234	236	250	0.379461	0.689179	0.617286
633	685	686
0.000565
0.000000	0.000000
0.112178	0.049919
0.025913	0.021602
251	234	250	0.610082	-0.116921	0.783664
687	686	688
0.000418
0.000000	0.000000
0.007289	0.063647
0.015645	0.021976
249	251	250	0.370668	0.767234	0.523410
689	688	690
0.000006
0.000000	0.000000
0.077184	0.064430
0.025992	0.021541
236	249	250	0.487630	-0.084891	0.868913
684	690	685
0.000891
0.000000	0.000000
0.034584	0.083599
0.037068	0.038079
65	252	253	0.158141	0.576844	0.801400
691	692	693
0.000082
0.000000	0.000000
0.014898	0.028593
0.019199	0.025854
72	65	253	0.143455	-0.303927	0.941833
182	693	694
0.000007
0.000000	0.000000
0.015557	0.003034
0.000356	0.001006
71	72	253	0.136035	-0.048889	0.989497
180	694	695
0.000024
0.000000	0.000000
0.013820	0.003468
0.030523	0.004176
242	71	253	0.253871	0.034257	0.966631
657	695	696
0.000000
0.000000	0.000000
0.011566	0.002164
0.003836	0.000747
246	242	253	0.408858	0.703206	0.581666
676	696	697
0.000790
0.000000	0.000000
0.045629	0.017474
0.029819	0.046069
249	246	253	0.513457	0.515966	0.685668
683	697	698
0.002718
0.000000	0.000000
0.036464	0.100185
0.066086	0.032515
254	249	253	0.506062	-0.619568	0.600031
699	698	700
0.000364
0.000000	0.000000
0.030466	0.037462
0.036342	0.020807
252	254	253	0.516090	0.164280	0.840633
701	700	692
0.000007
0.000000	0.000000
0.026295	0.016603
0.000975	0.001118
256	255	257	0.426374	0.236374	0.873117
702	703	704
0.000037
0.000000	0.000000
0.014528	0.007348
0.002330	0.006337
257	258	259	0.361391	0.824000	0.436372
705	706	707
0.000010
0.000000	0.000000
0.010194	0.009688
0.010977	0.012480
259	249	254	0.641152	-0.485417	0.594385
708	699	709
0.000088
0.000000	0.000000
0.005893	0.016454
0.013944	0.009114
257	259	254	0.630708	-0.274580	0.725819
707	709	710
0.000004
0.000000	0.000000
0.011297	0.009865
0.001369	0.001960
256	257	254	0.360124	0.664414	0.654878
704	710	711
0.000002
0.000000	0.000000
0.008419	0.011525
0.009646	0.012762
252	256	254	0.339179	0.578429	0.741874
712	711	701
0.000010
0.000000	0.000000
0.009765	0.011517
0.007014	0.006300
66	52	260	0.108374	0.495825	0.861634
162	713	714
0.000003
0.000000	0.000000
0.021035	0.012643
0.000093	0.000313
65	66	260	0.136089	0.126105	0.982638
161	714	715
0.000025
0.000000	0.000000
0.006206	0.007936
0.013190	0.008947
252	65	260	0.172458	0.062407	0.983038
691	715	716
0.000007
0.000000	0.000000
0.023537	0.002741
0.009104	0.000423
256	252	260	0.329304	0.502734	0.799261
712	716	717
0.000018
0.000000	0.000000
0.012626	0.007456
0.002215	0.004103
255	256	260	0.381686	0.061899	0.922217
702	717	718
0.000047
0.000000	0.000000
0.003721	0.014353
0.010986	0.016956
52	255	260	0.269568	-0.330243	0.904584
719	718	713
0.000099
0.000000	0.000000
0.024744	0.031123
0.015046	0.010918
255	261	262	0.397278	0.159602	0.903713
720	721	722
0.000048
0.000000	0.000000
0.022153	0.003210
0.000809	0.004442
257	255	262	0.296407	-0.320734	0.899596
703	722	723
0.000023
0.000000	0.000000
0.023258	0.005271
0.001530	0.002341
258	257	262	0.401612	0.732551	0.549616
705	723	724
0.000017
0.000000	0.000000
0.009257	0.009340
0.010195	0.014063
263	258	262	0.562148	0.303311	0.769410
725	724	726
0.000006
0.000000	0.000000
0.003577	0.002748
0.006071	0.007779
264	263	262	0.594005	-0.375353	0.711525
727	726	728
0.000025
0.000000	0.000000
0.002356	0.006772
0.010357	0.008150
261	264	262	0.476353	0.541741	0.692535
729	728	721
0.000070
0.000000	0.000000
0.021063	0.009464
0.002284	0.007690
266	265	267	0.607420	0.545544	0.577428
730	731	732
0.000297
0.000000	0.000000
0.035652	0.029639
0.024089	0.036707
268	266	267	0.700056	0.528380	0.480350
733	732	734
0.000162
0.000000	0.000000
0.003865	0.012299
0.038877	0.039755
264	268	267	0.529395	0.723469	0.443095
735	734	736
0.000159
0.000000	0.000000
0.004984	0.006381
0.081151	0.040086
263	264	267	0.670218	-0.448320	0.591453
727	736	737
0.000192
0.000000	0.000000
0.001422	0.006705
0.063931	0.031857
258	263	267	0.686799	0.250641	0.682265
725	737	738
0.000153
0.000000	0.000000
0.001789	0.004171
0.089198	0.036873
259	258	267	0.733291	-0.055049	0.677683
706	738	739
0.000159
0.000000	0.000000
0.001312	0.005454
0.073186	0.062373
249	259	267	0.737064	-0.344582	0.581378
708	739	740
0.000015
0.000000	0.000000
0.006592	0.010745
0.043082	0.074631
251	249	267	0.551571	0.156400	0.819334
689	740	741
0.000587
0.000000	0.000000
0.066356	0.062333
0.031038	0.011475
269	251	267	0.459902	0.649057	0.605983
742	741	743
0.000032
0.000000	0.000000
0.045346	0.044864
0.055779	0.056610
270	269	267	0.592213	0.040565	0.804760
744	743	745
0.002363
0.000000	0.000000
0.005689	0.077231
0.066319	0.069455
265	270	267	0.672279	-0.178059	0.718565
746	745	731
0.000095
0.000000	0.000000
0.045652	0.043268
0.002477	0.006524
272	271	273	0.681469	0.253259	0.686630
747	748	749
0.000175
0.000000	0.000000
0.067531	0.063470
0.002825	0.007830
271	265	266	0.737403	-0.169771	0.653769
750	730	751
0.000041
0.000000	0.000000
0.024079	0.024340
0.001932	0.005378
273	271	266	0.538664	0.685187	0.490265
748	751	752
0.000396
0.000000	0.000000
0.042915	0.053923
0.025152	0.013159
268	273	266	0.716849	-0.402159	0.569557
753	752	733
0.000016
0.000000	0.000000
0.012141	0.014977
0.005995	0.010044
50	44	274	0.108225	0.386835	0.915776
122	754	755
0.000016
0.000000	0.000000
0.015520	0.005732
0.000817	0.002305
53	50	275	0.152163	0.134611	0.979146
121	756	757
0.000004
0.000000	0.000000
0.009906	0.000396
0.000019	0.000885
52	53	275	0.158169	-0.136309	0.977958
120	757	758
0.000005
0.000000	0.000000
0.009036	0.001042
0.018817	0.001050
255	52	275	0.184176	0.350882	0.918129
719	758	759
0.000077
0.000000	0.000000
0.037575	0.002155
0.008452	0.004601
261	255	275	0.171563	0.035895	0.984519
720	759	760
0.000025
0.000000	0.000000
0.024016	0.000469
0.000425	0.002072
274	261	275	0.191780	-0.066469	0.979184
761	760	762
0.000049
0.000000	0.000000
0.009758	0.016273
0.014654	0.014354
50	274	275	0.140520	0.257128	0.956106
755	762	756
0.000023
0.000000	0.000000
0.023175	0.008279
0.012656	0.002527
274	273	276	0.253843	0.778956	0.573403
763	764	765
0.000001
0.000000	0.000000
0.014336	0.012874
0.006342	0.005563
261	274	276	0.350816	-0.125764	0.927961
761	765	766
0.000051
0.000000	0.000000
0.008514	0.016659
0.011549	0.010698
264	261	276	0.507753	0.461974	0.727164
729	766	767
0.000041
0.000000	0.000000
0.020449	0.010670
0.001503	0.004793
268	264	276	0.561107	0.679493	0.472702
735	767	768
0.000018
0.000000	0.000000
0.004847	0.006371
0.011365	0.007341
273	268	276	0.787315	-0.264892	0.556747
753	768	764
0.000009
0.000000	0.000000
0.009917	0.010377
0.003755	0.002111
44	22	277	0.132135	-0.160904	0.978085
101	769	770
0.000076
0.000000	0.000000
0.091503	0.004033
0.002626	0.001780
274	44	277	0.063646	-0.323807	0.943980
754	770	771
0.000111
0.000000	0.000000
0.069078	0.003420
0.001509	0.003299
273	274	277	0.286537	0.760875	0.582208
763	771	772
0.000005
0.000000	0.000000
0.015113	0.014273
0.011222	0.011263
272	273	277	0.336326	-0.141077	0.931119
749	772	773
0.000057
0.000000	0.000000
0.018827	0.009974
0.024831	0.007141
22	272	277	0.216761	0.471891	0.854596
774	773	769
0.001052
0.000000	0.000000
0.094033	0.091727
0.065634	0.041650
278	269	270	0.491717	0.788646	0.369122
775	744	776
0.001107
0.000000	0.000000
0.065622	0.084253
0.075602	0.063335
270	279	278	0.622086	0.623402	0.473687
777	778	776
0.001124
0.000000	0.000000
0.018025	0.045341
0.072527	0.057690
278	280	281	0.796608	0.372149	0.476362
779	780	781
0.000422
0.000000	0.000000
0.058512	0.053922
0.008437	0.022215
280	282	223	0.791968	0.560193	0.242839
782	783	784
0.001348
0.000000	0.000000
0.053419	0.037126
0.042870	0.080263
281	239	283	0.721291	0.263428	0.640582
785	786	787
0.002409
0.000000	0.000000
0.079830	0.089219
0.105049	0.057039
278	281	283	0.728225	-0.265980	0.631619
781	787	788
0.000200
0.000000	0.000000
0.018727	0.035063
0.069699	0.109101
269	278	283	0.780495	0.260838	0.568148
775	788	789
0.000467
0.000000	0.000000
0.098567	0.079920
0.005237	0.013725
251	269	283	0.573020	0.644342	0.506431
742	789	790
0.001802
0.000000	0.000000
0.034576	0.073228
0.063117	0.029434
234	251	283	0.733962	-0.120064	0.668494
687	790	791
0.001293
0.000000	0.000000
0.002338	0.054984
0.049978	0.069640
235	234	283	0.622689	-0.051171	0.780794
632	791	792
0.000126
0.000000	0.000000
0.054293	0.046950
0.009885	0.003914
239	235	283	0.569424	0.528663	0.629501
650	792	786
0.000138
0.000000	0.000000
0.041543	0.038050
0.069747	0.057224
239	281	284	0.753453	0.250082	0.608085
785	793	794
0.001166
0.000000	0.000000
0.114243	0.047781
0.059264	0.045192
209	239	284	0.762031	-0.219645	0.609151
648	794	795
0.000230
0.000000	0.000000
0.038883	0.040893
0.030406	0.020152
162	209	284	0.757042	0.438531	0.484333
555	795	796
0.001137
0.000000	0.000000
0.058705	0.049510
0.026579	0.061155
223	162	284	0.925675	-0.038354	0.376370
602	796	797
0.002436
0.000000	0.000000
0.229904	0.010982
0.000444	0.021212
280	223	284	0.923902	-0.068673	0.376417
784	797	798
0.000543
0.000000	0.000000
0.047074	0.049813
0.036638	0.015718
281	280	284	0.763804	0.437534	0.474518
780	798	793
0.000411
0.000000	0.000000
0.028550	0.027857
0.029920	0.058011
223	282	285	0.963889	-0.215828	0.155999
783	799	800
0.000221
0.000000	0.000000
0.123552	0.016367
0.004041	0.004115
161	223	285	0.983929	-0.082074	0.158578
601	800	801
0.000593
0.000000	0.000000
0.049764	0.032297
0.070538	0.021945
201	161	285	0.956861	0.274099	0.096370
542	801	802
0.001004
0.000000	0.000000
0.058488	0.001782
0.004025	0.034439
286	201	285	0.990532	-0.080602	0.111126
803	802	804
0.000101
0.000000	0.000000
0.084652	0.008671
0.023354	0.004782
287	286	285	0.964615	-0.226935	0.134231
805	804	806
0.000026
0.000000	0.000000
0.043515	0.006149
0.019794	0.001605
288	287	285	0.971329	0.182160	0.152767
807	806	808
0.000269
0.000000	0.000000
0.033928	0.013999
0.003705	0.017392
282	288	285	0.903726	0.385077	0.187069
809	808	799
0.000233
0.000000	0.000000
0.034802	0.015862
0.057197	0.039481
289	271	290	0.679667	0.507899	0.529236
810	811	812
0.000356
0.000000	0.000000
0.023556	0.034863
0.047689	0.040386
272	290	271	0.564961	0.595146	0.571508
813	811	747
0.001193
0.000000	0.000000
0.019733	0.043184
0.067650	0.027111
289	291	292	0.594171	0.716750	0.365006
814	815	816
0.000068
0.000000	0.000000
0.056359	0.084634
0.025023	0.039994
271	289	292	0.673224	0.520628	0.525087
810	816	817
0.000137
0.000000	0.000000
0.024188	0.025426
0.067290	0.059372
265	271	292	0.722659	-0.403342	0.561320
750	817	818
0.000066
0.000000	0.000000
0.022382	0.031971
0.016367	0.029277
270	265	292	0.640557	0.387363	0.663051
746	818	819
0.000169
0.000000	0.000000
0.046012	0.039010
0.011261	0.016899
279	270	292	0.606354	0.653855	0.452557
777	819	820
0.000790
0.000000	0.000000
0.020694	0.044585
0.054539	0.041185
291	279	292	0.740841	-0.409324	0.532548
821	820	815
0.000063
0.000000	0.000000
0.030253	0.037326
0.015372	0.023123
293	291	289	0.851977	-0.301668	0.427939
822	814	823
0.000392
0.000000	0.000000
0.019959	0.007667
0.008030	0.042407
295	294	19	0.146871	0.125869	0.981115
824	825	826
0.000067
0.000000	0.000000
0.008105	0.012646
0.017224	0.043417
23	19	296	0.127078	0.704780	0.697951
38	827	828
0.000002
0.000000	0.000000
0.019220	0.019216
0.003615	0.003399
22	23	296	0.194072	0.063090	0.978956
37	828	829
0.000390
0.000000	0.000000
0.030917	0.026620
0.066851	0.032306
272	22	296	0.245837	0.156000	0.956676
774	829	830
0.000072
0.000000	0.000000
0.132160	0.014673
0.010232	0.002221
290	272	296	0.469600	0.606785	0.641317
813	830	831
0.000080
0.000000	0.000000
0.024823	0.028598
0.030490	0.028657
294	290	296	0.533442	-0.509693	0.675020
832	831	833
0.000225
0.000000	0.000000
0.024350	0.017004
0.006243	0.022847
19	294	296	0.173686	-0.048917	0.983585
825	833	827
0.000160
0.000000	0.000000
0.020900	0.023120
0.029513	0.017354
295	19	7	-0.275494	0.433544	0.857988
826	26	834
0.000165
0.000000	0.000000
0.020722	0.038480
0.015876	0.045391
294	295	297	0.700553	-0.032957	0.712839
824	835	836
0.000064
0.000000	0.000000
0.010208	0.013321
0.021778	0.040906
290	294	297	0.577951	-0.551836	0.601207
832	836	837
0.000272
0.000000	0.000000
0.024363	0.018858
0.009615	0.029789
289	290	297	0.580388	0.682655	0.443996
812	837	838
0.000629
0.000000	0.000000
0.042237	0.063469
0.025288	0.008232
293	289	297	0.331953	0.927179	0.173626
823	838	839
0.001135
0.000000	0.000000
0.056426	0.056062
0.124597	0.083579
291	293	298	0.910064	-0.215802	0.353854
822	840	841
0.000024
0.000000	0.000000
0.010666	0.007880
0.188416	0.143772
279	291	298	0.726061	-0.592803	0.348453
821	841	842
0.000019
0.000000	0.000000
0.037435	0.030042
0.058951	0.048339
278	279	298	0.848380	-0.323026	0.419412
778	842	843
0.000252
0.000000	0.000000
0.056293	0.042676
0.065757	0.040908
280	278	298	0.862668	0.152779	0.482143
779	843	844
0.000236
0.000000	0.000000
0.059619	0.052245
0.026985	0.031568
282	280	298	0.788092	0.564515	0.245423
782	844	845
0.002133
0.000000	0.000000
0.052261	0.037810
0.077778	0.137889
288	282	298	0.861406	0.466113	0.201790
809	845	846
0.000022
0.000000	0.000000
0.024266	0.021965
0.219190	0.196574
138	109	110	-0.357472	-0.807341	0.469482
385	284	847
0.000182
0.000000	0.000000
0.058156	0.035326
0.029692	0.024303
138	110	113	-0.573557	-0.260771	0.776550
847	308	848
0.000044
0.000000	0.000000
0.026423	0.022876
0.002057	0.005109
138	113	114	-0.335079	0.109965	0.935751
848	294	849
0.000020
0.000000	0.000000
0.010840	0.004582
0.018600	0.004224
138	114	137	-0.181481	-0.116729	0.976442
849	850	366
0.000188
0.000000	0.000000
0.076488	0.001020
0.003331	0.004950
137	117	120	0.055552	0.087065	0.994652
851	852	378
0.000006
0.000000	0.000000
0.087683	0.002981
0.027647	0.001087
120	117	118	0.164884	-0.168838	0.971754
852	853	311
0.000028
0.000000	0.000000
0.052823	0.003645
0.003379	0.001277
191	213	214	-0.133482	0.177573	0.975013
568	580	854
0.000108
0.000000	0.000000
0.020673	0.010102
0.045487	0.011805
215	194	214	0.126426	0.180358	0.975442
855	856	571
0.000088
0.000000	0.000000
0.104532	0.006100
0.000281	0.001708
189	194	215	0.222748	0.137483	0.965133
520	855	857
0.000004
0.000000	0.000000
0.050459	0.005036
0.022165	0.002359
189	215	217	0.361464	-0.128153	0.923537
857	591	858
0.000033
0.000000	0.000000
0.012741	0.005497
0.003248	0.006565
190	189	217	0.475492	0.648847	0.594058
502	858	859
0.000052
0.000000	0.000000
0.049976	0.033370
0.030872	0.022676
204	191	212	0.589109	-0.185387	0.786500
569	564	567
0.000294
0.000000	0.000000
0.024852	0.050718
0.015506	0.007986
218	190	217	0.615979	-0.427419	0.661727
597	859	574
0.000078
0.000000	0.000000
0.002001	0.013404
0.012178	0.003461
137	114	117	-0.063996	0.002551	0.997947
850	309	851
0.000002
0.000000	0.000000
0.026919	0.001469
0.014009	0.000592
118	117	116	0.158063	0.372833	0.914337
853	302	304
0.000007
0.000000	0.000000
0.025867	0.012385
0.011156	0.004801
191	214	194	-0.005519	0.007298	0.999958
854	856	513
0.000001
0.000000	0.000000
0.043323	0.000057
0.021420	0.000059
76	69	75	-0.022523	0.401286	0.915676
210	199	190
0.000001
0.000000	0.000000
0.022447	0.008504
0.000008	0.000051
Edges Number: 860 
4	8
8	9
4	9
8	10
9	10
8	11
10	11
8	12
11	12
8	13
12	13
5	8
5	13
14	15
6	14
6	15
5	14
5	6
14	16
5	16
14	17
16	17
14	18
17	18
15	18
7	15
7	19
15	19
19	20
18	20
18	19
17	20
20	21
17	21
20	22
21	22
20	23
22	23
19	23
6	7
13	16
13	24
12	24
24	25
12	25
24	26
25	26
24	27
26	27
16	24
16	27
21	27
17	27
9	28
4	28
3	28
3	4
2	28
2	3
1	28
1	2
28	29
1	29
28	30
29	30
9	30
31	32
10	31
10	32
30	31
10	30
31	33
30	33
31	34
33	34
31	35
34	35
32	35
35	36
36	37
35	37
36	38
37	38
36	39
38	39
36	40
39	40
11	36
11	40
32	36
11	32
11	25
25	40
22	41
21	41
41	42
21	42
41	43
42	43
41	44
43	44
22	44
42	45
45	46
42	46
45	47
46	47
45	48
47	48
43	45
43	48
49	50
43	49
43	50
48	49
49	51
48	51
49	52
51	52
49	53
52	53
50	53
44	50
46	54
42	54
27	54
27	42
26	54
26	55
25	55
40	55
39	55
55	56
39	56
55	57
56	57
55	58
57	58
55	59
58	59
47	55
47	59
46	55
54	55
48	60
47	60
59	60
58	60
60	61
58	61
51	60
51	61
52	62
51	62
62	63
51	63
62	64
63	64
62	65
64	65
62	66
65	66
52	66
64	67
63	67
61	67
61	63
57	67
57	61
56	67
64	68
67	68
56	68
68	69
56	69
68	70
69	70
68	71
70	71
68	72
71	72
65	68
65	72
73	74
56	73
56	74
39	73
38	73
38	74
69	74
75	76
75	77
76	77
75	78
77	78
75	79
78	79
70	75
70	79
69	75
69	80
74	80
80	81
74	81
80	82
81	82
80	83
82	83
76	80
76	83
69	76
77	83
79	84
78	84
77	84
83	84
84	85
83	85
84	86
85	86
84	87
86	87
71	79
79	88
71	88
79	87
87	88
37	89
35	89
34	89
89	90
34	90
89	91
90	91
89	92
91	92
37	92
92	93
91	93
93	94
91	94
93	95
94	95
93	96
95	96
93	97
96	97
93	98
97	98
92	98
38	81
38	92
81	92
81	98
81	99
98	99
82	99
85	100
82	100
82	85
99	100
85	101
100	101
99	101
97	101
97	99
101	102
97	102
101	103
102	103
101	104
103	104
86	101
86	104
87	104
29	33
103	105
104	105
106	107
106	108
107	108
106	109
108	109
106	110
109	110
106	111
110	111
107	111
94	112
111	112
94	111
112	113
111	113
112	114
113	114
112	115
114	115
95	112
95	115
96	116
95	116
115	116
116	117
115	117
116	118
116	119
118	119
96	119
110	113
114	117
119	120
118	120
102	120
102	119
97	119
102	121
103	121
120	121
94	107
91	107
90	107
107	122
90	122
34	122
33	122
122	123
33	123
108	122
108	123
29	124
1	124
0	124
0	1
124	125
0	125
124	126
125	126
124	127
126	127
123	124
123	127
29	123
108	127
109	128
108	128
128	129
108	129
128	130
129	130
128	131
130	131
109	131
127	129
126	129
129	132
126	132
132	133
126	133
132	134
133	134
132	135
134	135
130	132
130	135
136	137
136	138
137	138
131	136
131	138
136	139
131	139
136	140
139	140
136	141
140	141
137	141
120	142
137	142
120	137
141	142
140	142
142	143
140	143
121	142
121	143
109	138
103	143
103	144
143	144
144	145
143	145
144	146
145	146
144	147
146	147
105	144
105	147
140	145
139	145
145	148
139	148
148	149
139	149
148	150
149	150
148	151
150	151
146	148
146	151
131	149
130	149
135	149
135	150
105	152
147	152
147	153
152	153
147	154
153	154
146	154
151	154
154	155
151	155
155	156
151	156
156	157
151	157
150	157
150	158
135	158
134	158
158	159
134	159
158	160
159	160
157	158
157	160
156	160
125	133
0	133
161	162
161	163
162	163
166	167
166	168
167	168
168	169
169	170
168	170
167	170
165	171
165	170
170	171
169	171
169	172
168	172
166	172
166	173
172	173
173	174
172	174
174	175
172	175
175	176
174	176
153	174
153	176
152	176
105	176
169	177
171	177
171	178
177	178
177	179
178	179
178	180
179	180
179	181
177	181
175	182
182	183
175	183
172	183
169	183
177	183
181	183
181	182
182	184
181	184
184	185
182	185
105	186
186	187
105	187
176	187
175	187
182	187
185	187
185	186
186	188
185	188
179	189
189	190
179	190
188	191
191	192
188	192
185	192
184	192
184	193
192	193
193	194
192	194
191	194
194	195
193	195
184	195
181	195
179	195
189	195
189	194
178	196
196	197
178	197
171	197
165	197
164	196
164	197
196	198
164	198
198	199
196	199
180	190
180	196
180	199
190	199
163	199
163	198
161	200
163	200
198	200
164	200
161	201
200	201
202	203
202	204
203	204
205	206
205	207
206	207
199	205
205	208
199	208
163	208
162	208
162	209
208	209
209	210
208	210
205	210
205	211
210	211
206	211
188	212
191	212
186	212
203	212
204	212
191	213
191	204
204	213
214	215
214	216
215	216
217	218
207	217
207	218
202	219
204	219
213	219
213	214
214	219
216	219
216	220
219	220
202	220
206	220
206	221
220	221
216	221
215	221
215	217
217	221
207	221
205	222
207	222
218	222
190	218
190	222
199	222
104	186
161	223
162	223
224	225
203	224
203	225
104	226
87	226
226	227
227	228
226	228
104	228
186	228
212	228
203	228
225	228
225	229
228	229
227	229
227	230
230	231
227	231
225	231
229	231
231	232
225	232
224	232
232	233
224	233
232	234
233	234
233	235
234	235
234	236
232	236
233	237
224	237
203	237
202	237
220	237
206	237
211	237
211	233
235	238
233	238
211	238
210	238
209	238
209	239
238	239
235	239
88	240
87	240
240	241
87	241
71	240
240	242
71	242
226	241
227	241
230	241
230	243
241	243
243	244
241	244
240	244
230	245
243	245
245	246
246	247
245	247
230	247
231	247
232	247
236	247
236	246
242	246
246	248
242	248
240	248
244	248
243	248
245	248
246	249
236	249
236	250
234	250
234	251
250	251
249	251
249	250
65	252
252	253
65	253
72	253
71	253
242	253
246	253
249	253
249	254
253	254
252	254
255	256
255	257
256	257
257	258
258	259
257	259
249	259
254	259
254	257
254	256
252	256
52	260
66	260
65	260
252	260
256	260
255	260
52	255
255	261
261	262
255	262
257	262
258	262
258	263
262	263
263	264
262	264
261	264
265	266
265	267
266	267
266	268
267	268
264	268
264	267
263	267
258	267
259	267
249	267
251	267
251	269
267	269
269	270
267	270
265	270
271	272
271	273
272	273
265	271
266	271
266	273
268	273
44	274
50	274
50	275
53	275
52	275
255	275
261	275
261	274
274	275
273	274
273	276
274	276
261	276
264	276
268	276
22	277
44	277
274	277
273	277
272	277
22	272
269	278
270	278
270	279
278	279
278	280
280	281
278	281
280	282
223	282
223	280
239	281
239	283
281	283
278	283
269	283
251	283
234	283
235	283
281	284
239	284
209	284
162	284
223	284
280	284
282	285
223	285
161	285
201	285
201	286
285	286
286	287
285	287
287	288
285	288
282	288
271	289
271	290
289	290
272	290
289	291
291	292
289	292
271	292
265	292
270	292
279	292
279	291
291	293
289	293
294	295
19	294
19	295
19	296
23	296
22	296
272	296
290	296
290	294
294	296
7	295
295	297
294	297
290	297
289	297
293	297
293	298
291	298
279	298
278	298
280	298
282	298
288	298
110	138
113	138
114	138
114	137
117	137
117	120
117	118
191	214
194	215
194	214
189	215
189	217
190	217
