Result file : result.txt
Source file : nefertiti.off
MeshFile format: ,OFF
Vetex Number: 299 
0.000000	0.000000
0.055863	0.041335
0.017109	0.024327
0.224436	0.270617
0.155895	0.144327
0.074924	0.076397
0.030618	0.038499
0.078832	0.191420
0.115161	0.205360
0.092527	0.101280
0.008280	0.010766
0.030547	0.022767
0.552053	0.586199
0.211778	0.342131
0.468551	0.438378
0.423602	0.339658
0.153727	0.118077
0.312304	0.292775
0.081955	0.070726
0.053515	0.046858
0.025708	0.023662
0.020925	0.025453
0.265801	0.451842
0.263997	0.423454
0.364280	0.476020
0.267018	0.327691
0.222771	0.236860
0.326651	0.267190
0.601967	0.448666
0.107546	0.086621
0.347685	0.310764
1.464255	1.374216
1.140967	1.179112
0.637956	0.847756
0.489492	0.641215
0.870191	0.792313
0.855824	0.693742
0.562612	0.428651
0.484616	0.358201
0.324613	0.235623
0.161902	0.118389
0.073616	0.053665
0.065770	0.052035
0.052041	0.044574
0.028791	0.042991
0.550540	0.740909
0.853408	0.645636
0.867571	0.991300
0.608521	0.695615
0.434816	0.510687
0.358546	0.396702
0.327930	0.327451
0.436377	0.393836
0.583807	0.490716
0.721266	0.570890
1.056149	0.805890
1.282797	0.958700
0.704125	0.577532
0.011522	0.040659
0.041493	0.064061
2.633282	2.415250
1.792840	1.791312
1.886971	1.620984
1.329296	1.127565
1.355422	1.068653
1.123417	1.269805
1.444935	1.627076
0.998239	0.748529
0.882347	0.654798
1.176636	0.890305
0.669792	0.504104
0.769371	0.576971
0.605936	0.446185
0.563521	0.408538
0.431761	0.313283
0.414514	0.309577
0.181627	0.139441
0.312359	0.234184
0.068747	0.052981
0.091877	0.073258
0.090982	0.081046
0.979367	1.052936
1.846541	1.881567
0.765868	0.827238
0.559013	0.621633
0.471375	0.507310
0.424618	0.416566
1.106308	1.278938
0.726494	0.650558
1.281376	1.020523
0.937775	0.753213
1.554200	1.204592
2.284518	1.745502
2.123309	1.600495
2.005995	1.538775
2.366522	1.893638
1.418509	1.252831
1.582592	1.329362
1.043506	0.964875
0.289348	0.369191
0.537844	0.533954
0.054002	0.123397
0.008694	0.057734
0.010393	0.064475
0.082424	0.083365
0.032211	0.066960
4.163196	4.077560
2.722784	2.168444
2.715776	2.711121
2.253834	1.828545
1.796418	1.434153
1.656497	1.247924
2.733059	2.825837
2.044127	2.145553
1.227551	0.900430
1.039359	0.762746
0.899642	0.653345
0.718728	0.519897
0.746752	0.546828
0.556868	0.404906
0.550795	0.407482
1.007438	1.038479
2.324682	2.406694
3.052383	3.019881
1.607180	1.574885
2.645361	2.586420
1.177905	1.017596
0.783182	0.763327
1.466485	1.226891
1.074564	0.888602
1.879802	1.534986
2.811151	2.254121
3.765719	2.945875
3.662980	2.809931
4.560216	3.884432
3.092482	2.729440
2.277098	2.109829
2.029174	1.956359
1.033875	1.051028
1.466352	1.403536
0.636708	0.771573
0.704276	0.758253
0.205400	0.346747
0.036962	0.100166
0.046226	0.129905
0.166251	0.284356
0.657440	0.952665
0.154457	0.131010
0.049846	0.090035
0.053030	0.072770
0.069282	0.078098
0.410402	0.329817
0.308599	0.251601
0.545323	0.415686
4.539590	4.509418
5.390008	5.291534
3.065976	2.332092
2.618148	1.952150
2.220527	1.688913
2.163986	1.591166
1.690850	1.229889
3.790421	3.781955
1.294525	0.937439
1.079095	0.781306
0.913185	0.661108
0.734961	0.539683
4.013137	3.985626
4.479428	4.319095
2.056619	1.961440
1.340803	1.228329
3.598050	3.426486
1.734143	1.550259
2.199239	1.918613
3.976596	3.163042
4.321871	3.607955
3.277781	2.796255
4.607593	4.510764
6.101378	5.801395
2.717681	2.829910
3.286698	3.331739
1.881011	1.898555
1.534817	1.690079
2.347716	2.513833
1.471375	1.966894
1.385635	1.972879
0.903394	0.979042
1.056787	1.232083
0.839030	0.980811
0.960544	1.243417
0.568560	0.913074
0.531487	0.777824
0.218330	0.294354
0.083254	0.139691
0.157548	0.174888
0.106810	0.189088
0.463545	0.486883
0.462715	0.410350
0.699593	0.543230
0.541762	0.436830
7.177428	6.931131
5.181440	5.110552
2.990184	2.233771
2.813706	2.067172
2.523640	1.841736
2.175750	1.577666
1.733101	1.267570
1.244905	0.910772
1.040669	0.762215
0.905361	0.663719
6.285552	6.049570
7.516065	7.119302
5.541222	5.132451
2.634077	2.451473
4.180178	3.759051
5.700140	5.021175
7.738566	7.968486
6.405521	6.829202
4.644549	5.106656
3.848490	4.312272
3.104650	3.516768
1.989431	2.345721
2.972411	3.819247
2.070605	2.641416
2.378384	3.260121
1.413926	1.750162
1.107828	1.376599
1.503332	1.933419
0.918082	1.390531
1.429448	2.110250
0.451501	0.579484
0.716853	0.891139
0.582778	0.498748
0.565217	0.528674
0.874973	0.696588
0.729613	0.601119
1.038600	1.045522
0.899474	0.676984
1.222814	1.605555
2.488186	1.825926
2.156182	1.578218
7.154636	6.499611
9.515012	10.253739
8.268036	9.226541
6.296128	7.279303
5.210867	6.125213
4.242604	5.046024
2.835361	3.482047
5.140981	6.276091
3.843777	5.018364
2.601903	3.602044
1.844653	2.330616
2.424144	3.039374
3.049936	3.801817
1.741667	2.443373
0.671433	0.602320
0.779657	0.683631
0.876694	0.747251
1.585211	1.505888
1.242895	1.088649
1.015713	0.883602
1.398353	1.633771
1.872972	1.998150
1.678638	1.314976
1.057784	0.819087
1.021971	0.842083
1.280856	0.977817
2.712116	3.201875
2.661102	3.364907
2.795183	2.127725
2.155134	1.645904
4.549585	5.928501
6.429101	7.968541
9.329169	10.638492
6.661591	7.934326
7.991839	9.354137
7.637424	9.166929
1.744397	1.505648
1.223753	0.993797
2.804417	3.018542
3.954619	4.853603
3.324788	4.374204
2.187534	1.767010
2.201873	2.129435
2.542528	1.966810
2.698543	2.220337
4.545087	5.162755
7.042497	8.738050
8.976206	10.600869
8.759082	10.589838
5.233680	6.581234
5.922269	7.181003
8.204393	9.699294
2.429767	2.130024
2.894142	2.852992
3.225873	3.069695
9.347245	11.248941
8.138584	9.786790
10.474923	12.324403
10.459585	12.378009
Faces Number: 562 
4	8	9
9	8	10
10	8	11
11	8	12
12	8	13
13	8	5
15	14	6
6	14	5
5	14	16
16	14	17
17	14	18
18	14	15
15	7	19
19	20	18
18	20	17
17	20	21
21	20	22
22	20	23
23	20	19
7	15	6
15	19	18
5	16	13
13	24	12
12	24	25
25	24	26
26	24	27
27	24	16
16	24	13
21	27	17
16	17	27
9	28	4
4	28	3
3	28	2
2	28	1
1	28	29
29	28	30
30	28	9
32	31	10
10	31	30
30	31	33
33	31	34
34	31	35
35	31	32
35	36	37
37	36	38
38	36	39
39	36	40
40	36	11
11	36	32
32	36	35
10	30	9
11	32	10
25	11	12
11	25	40
22	41	21
21	41	42
42	41	43
43	41	44
44	41	22
42	45	46
46	45	47
47	45	48
48	45	43
43	45	42
50	49	43
43	49	48
48	49	51
51	49	52
52	49	53
53	49	50
50	43	44
46	54	42
42	54	27
27	54	26
21	42	27
26	55	25
25	55	40
40	55	39
39	55	56
56	55	57
57	55	58
58	55	59
59	55	47
47	55	46
46	55	54
54	55	26
48	60	47
47	60	59
59	60	58
58	60	61
61	60	51
51	60	48
52	62	51
51	62	63
63	62	64
64	62	65
65	62	66
66	62	52
64	67	63
63	67	61
61	67	57
57	67	56
61	57	58
63	61	51
64	68	67
67	68	56
56	68	69
69	68	70
70	68	71
71	68	72
72	68	65
65	68	64
74	73	56
56	73	39
39	73	38
38	73	74
74	56	69
76	75	77
77	75	78
78	75	79
79	75	70
70	75	69
69	80	74
74	80	81
81	80	82
82	80	83
83	80	76
76	80	69
76	77	83
79	84	78
78	84	77
77	84	83
83	84	85
85	84	86
86	84	87
70	71	79
88	79	71
87	84	79
87	79	88
37	89	35
35	89	34
34	89	90
90	89	91
91	89	92
92	89	37
92	93	91
91	93	94
94	93	95
95	93	96
96	93	97
97	93	98
98	93	92
74	81	38
37	38	92
81	92	38
98	92	81
98	81	99
82	99	81
85	100	82
82	100	99
85	82	83
85	101	100
100	101	99
99	101	97
97	101	102
102	101	103
103	101	104
104	101	86
86	101	85
86	87	104
99	97	98
30	33	29
105	103	104
107	106	108
108	106	109
109	106	110
110	106	111
111	106	107
94	112	111
111	112	113
113	112	114
114	112	115
115	112	95
95	112	94
96	116	95
95	116	115
115	116	117
118	116	119
119	116	96
110	111	113
114	115	117
118	119	120
102	120	119
102	119	97
121	102	103
121	120	102
94	107	91
90	91	107
107	122	90
90	122	34
34	122	33
33	122	123
123	122	108
108	122	107
94	111	107
97	119	96
29	124	1
1	124	0
0	124	125
125	124	126
126	124	127
127	124	123
123	124	29
108	127	123
109	128	108
108	128	129
129	128	130
130	128	131
131	128	109
108	129	127
126	127	129
129	132	126
126	132	133
133	132	134
134	132	135
135	132	130
130	132	129
137	136	138
138	136	131
131	136	139
139	136	140
140	136	141
141	136	137
120	142	137
137	142	141
141	142	140
140	142	143
143	142	121
121	142	120
131	109	138
103	143	121
103	144	143
143	144	145
145	144	146
146	144	147
147	144	105
105	144	103
143	145	140
139	140	145
145	148	139
139	148	149
149	148	150
150	148	151
151	148	146
146	148	145
139	149	131
149	130	131
130	149	135
135	149	150
105	152	147
153	147	152
154	147	153
147	154	146
151	146	154
151	154	155
151	155	156
151	156	157
151	157	150
150	158	135
135	158	134
134	158	159
159	158	160
160	158	157
157	158	150
160	157	156
126	133	125
0	125	133
33	123	29
162	161	163
167	166	168
168	169	170
167	168	170
171	165	170
169	171	170
172	169	168
172	168	166
172	166	173
172	173	174
172	174	175
176	175	174
174	153	176
153	152	176
105	176	152
171	169	177
178	171	177
177	179	178
180	178	179
181	179	177
175	182	183
172	175	183
169	172	183
177	169	183
181	177	183
182	181	183
181	182	184
185	184	182
105	186	187
176	105	187
175	176	187
182	175	187
185	182	187
186	185	187
186	188	185
179	189	190
188	191	192
185	188	192
184	185	192
193	184	192
194	193	192
191	194	192
193	194	195
184	193	195
181	184	195
179	181	195
189	179	195
194	189	195
178	196	197
171	178	197
165	171	197
196	164	197
164	196	198
199	198	196
179	190	180
196	178	180
199	196	180
190	199	180
199	163	198
163	161	200
198	163	200
164	198	200
161	201	200
203	202	204
206	205	207
199	205	208
163	199	208
162	163	208
209	162	208
210	209	208
205	210	208
210	205	211
206	211	205
188	212	191
188	186	212
212	203	204
213	191	204
215	214	216
218	217	207
204	202	219
213	204	219
214	213	219
216	214	219
220	216	219
202	220	219
220	206	221
216	220	221
215	216	221
217	215	221
207	217	221
206	207	221
207	205	222
218	207	222
190	218	222
199	190	222
205	199	222
105	104	186
223	161	162
225	224	203
226	104	87
226	227	228
104	226	228
186	104	228
212	186	228
203	212	228
225	203	228
229	225	228
227	229	228
227	230	231
231	225	229
227	231	229
231	232	225
224	225	232
224	232	233
232	234	233
235	233	234
236	234	232
224	233	237
203	224	237
202	203	237
220	202	237
206	220	237
211	206	237
233	211	237
233	235	238
211	233	238
210	211	238
209	210	238
239	209	238
235	239	238
87	88	240
87	240	241
88	71	240
242	240	71
226	87	241
227	226	241
230	227	241
243	230	241
244	243	241
240	244	241
245	230	243
245	246	247
230	245	247
231	230	247
232	231	247
236	232	247
246	236	247
242	246	248
240	242	248
244	240	248
243	244	248
245	243	248
246	245	248
236	246	249
234	236	250
251	234	250
249	251	250
236	249	250
65	252	253
72	65	253
71	72	253
242	71	253
246	242	253
249	246	253
254	249	253
252	254	253
256	255	257
257	258	259
259	249	254
257	259	254
256	257	254
252	256	254
66	52	260
65	66	260
252	65	260
256	252	260
255	256	260
52	255	260
255	261	262
257	255	262
258	257	262
263	258	262
264	263	262
261	264	262
266	265	267
268	266	267
264	268	267
263	264	267
258	263	267
259	258	267
249	259	267
251	249	267
269	251	267
270	269	267
265	270	267
272	271	273
271	265	266
273	271	266
268	273	266
50	44	274
53	50	275
52	53	275
255	52	275
261	255	275
274	261	275
50	274	275
274	273	276
261	274	276
264	261	276
268	264	276
273	268	276
44	22	277
274	44	277
273	274	277
272	273	277
22	272	277
278	269	270
270	279	278
278	280	281
280	282	223
281	239	283
278	281	283
269	278	283
251	269	283
234	251	283
235	234	283
239	235	283
239	281	284
209	239	284
162	209	284
223	162	284
280	223	284
281	280	284
223	282	285
161	223	285
201	161	285
286	201	285
287	286	285
288	287	285
282	288	285
289	271	290
272	290	271
289	291	292
271	289	292
265	271	292
270	265	292
279	270	292
291	279	292
293	291	289
295	294	19
23	19	296
22	23	296
272	22	296
290	272	296
294	290	296
19	294	296
295	19	7
294	295	297
290	294	297
289	290	297
293	289	297
291	293	298
279	291	298
278	279	298
280	278	298
282	280	298
288	282	298
138	109	110
138	110	113
138	113	114
138	114	137
137	117	120
120	117	118
191	213	214
215	194	214
189	194	215
189	215	217
190	189	217
204	191	212
218	190	217
137	114	117
118	117	116
191	214	194
76	69	75
